#   x/a             x/rho_ref           T                   n                   omt                 omn
#      0.000000
    1.7516000000E-01    8.0882896195E+00    1.8727443706E+00    1.3136174627E+00    3.2923931391E-01    1.4314752779E-01
    1.8457565217E-01    8.5230722282E+00    1.8701970523E+00    1.3128402985E+00    4.6957235931E-01    2.0416189535E-01
    1.9399130435E-01    8.9578548369E+00    1.8665864260E+00    1.3117377026E+00    6.6367856613E-01    2.8855589832E-01
    2.0340695652E-01    9.3926374456E+00    1.8615267869E+00    1.3101905839E+00    9.2646191055E-01    4.0280952633E-01
    2.1282260870E-01    9.8274200543E+00    1.8545451013E+00    1.3080518408E+00    1.2720705719E+00    5.5307416171E-01
    2.2223826087E-01    1.0262202663E+01    1.8451038667E+00    1.3051523980E+00    1.7097051617E+00    7.4335007032E-01
    2.3165391304E-01    1.0696985272E+01    1.8326576225E+00    1.3013172605E+00    2.2380278954E+00    9.7305560670E-01
    2.4106956522E-01    1.1131767880E+01    1.8167444444E+00    1.2963923289E+00    2.8402699225E+00    1.2348999663E+00
    2.5048521739E-01    1.1566550489E+01    1.7970934703E+00    1.2902768294E+00    3.4834789346E+00    1.5145560585E+00
    2.5990086957E-01    1.2001333098E+01    1.7737085556E+00    1.2829498451E+00    4.1243687349E+00    1.7932037978E+00
    2.6931652174E-01    1.2436115706E+01    1.7468869485E+00    1.2744785244E+00    4.7202638318E+00    2.0522886225E+00
    2.7873217391E-01    1.2870898315E+01    1.7171605661E+00    1.2650034166E+00    5.2397264577E+00    2.2781419381E+00
    2.8814782609E-01    1.3305680924E+01    1.6851871728E+00    1.2547080132E+00    5.6677120748E+00    2.4642226412E+00
    2.9756347826E-01    1.3740463533E+01    1.6516378500E+00    1.2437857503E+00    6.0042324880E+00    2.6105358644E+00
    3.0697913043E-01    1.4175246141E+01    1.6171156860E+00    1.2324150567E+00    6.2592434290E+00    2.7214101865E+00
    3.1639478261E-01    1.4610028750E+01    1.5821157855E+00    1.2207460622E+00    6.4471323632E+00    2.8031010275E+00
    3.2581043478E-01    1.5044811359E+01    1.5470183844E+00    1.2088971031E+00    6.5827193245E+00    2.8620518802E+00
    3.3522608696E-01    1.5479593967E+01    1.5121010594E+00    1.1969571860E+00    6.6791027906E+00    2.9039577350E+00
    3.4464173913E-01    1.5914376576E+01    1.4775583446E+00    1.1849910233E+00    6.7468877632E+00    2.9334294623E+00
    3.5405739130E-01    1.6349159185E+01    1.4435217035E+00    1.1730444958E+00    6.7942013354E+00    2.9540005806E+00
    3.6347304348E-01    1.6783941793E+01    1.4100766616E+00    1.1611495043E+00    6.8270521387E+00    2.9682835386E+00
    3.7288869565E-01    1.7218724402E+01    1.3772762315E+00    1.1493278645E+00    6.8497775300E+00    2.9781641435E+00
    3.8230434783E-01    1.7653507011E+01    1.3451508792E+00    1.1375942578E+00    6.8654583299E+00    2.9849818826E+00
    3.9172000000E-01    1.8088289620E+01    1.3137156730E+00    1.1259583855E+00    6.8762589841E+00    2.9896778192E+00
    4.0113565217E-01    1.8523072228E+01    1.2829752974E+00    1.1144265045E+00    6.8836887851E+00    2.9929081674E+00
    4.1055130435E-01    1.8957854837E+01    1.2529275173E+00    1.1030025054E+00    6.8887947577E+00    2.9951281555E+00
    4.1996695652E-01    1.9392637446E+01    1.2235655456E+00    1.0916886615E+00    6.8923006074E+00    2.9966524380E+00
    4.2938260870E-01    1.9827420054E+01    1.1948796512E+00    1.0804861448E+00    6.8947052088E+00    2.9976979169E+00
    4.3879826087E-01    2.0262202663E+01    1.1668582441E+00    1.0693953809E+00    6.8963516582E+00    2.9984137645E+00
    4.4821391304E-01    2.0696985272E+01    1.1394886053E+00    1.0584162913E+00    6.8974753115E+00    2.9989023093E+00
    4.5762956522E-01    2.1131767880E+01    1.1127573764E+00    1.0475484596E+00    6.8982369953E+00    2.9992334762E+00
    4.6704521739E-01    2.1566550489E+01    1.0866508866E+00    1.0367912449E+00    6.8987458221E+00    2.9994547053E+00
    4.7646086957E-01    2.2001333098E+01    1.0611553715E+00    1.0261438598E+00    6.8990747244E+00    2.9995977063E+00
    4.8587652174E-01    2.2436115706E+01    1.0362571188E+00    1.0156054243E+00    6.8992708633E+00    2.9996829841E+00
    4.9529217391E-01    2.2870898315E+01    1.0119425673E+00    1.0051750041E+00    6.8993623698E+00    2.9997227695E+00
    5.0470782609E-01    2.3305680924E+01    9.8819837437E-01    9.9485163865E-01    6.8993623698E+00    2.9997227695E+00
    5.1412347826E-01    2.3740463533E+01    9.6501146469E-01    9.8463436297E-01    6.8992708633E+00    2.9996829841E+00
    5.2353913043E-01    2.4175246141E+01    9.4236906950E-01    9.7452222752E-01    6.8990747244E+00    2.9995977063E+00
    5.3295478261E-01    2.4610028750E+01    9.2025876232E-01    9.6451431755E-01    6.8987458221E+00    2.9994547053E+00
    5.4237043478E-01    2.5044811359E+01    8.9866849792E-01    9.5460977568E-01    6.8982369953E+00    2.9992334762E+00
    5.5178608696E-01    2.5479593967E+01    8.7758666068E-01    9.4480783058E-01    6.8974753115E+00    2.9989023093E+00
    5.6120173913E-01    2.5914376576E+01    8.5700212950E-01    9.3510783560E-01    6.8963516582E+00    2.9984137645E+00
    5.7061739130E-01    2.6349159185E+01    8.3690436855E-01    9.2550932264E-01    6.8947052088E+00    2.9976979169E+00
    5.8003304348E-01    2.6783941793E+01    8.1728355590E-01    9.1601207862E-01    6.8923006074E+00    2.9966524380E+00
    5.8944869565E-01    2.7218724402E+01    7.9813076670E-01    9.0661625437E-01    6.8887947577E+00    2.9951281555E+00
    5.9886434783E-01    2.7653507011E+01    7.7943823393E-01    8.9732252059E-01    6.8836887851E+00    2.9929081674E+00
    6.0828000000E-01    2.8088289620E+01    7.6119971815E-01    8.8813229056E-01    6.8762589841E+00    2.9896778192E+00
    6.1769565217E-01    2.8523072228E+01    7.4341102953E-01    8.7904803765E-01    6.8654583299E+00    2.9849818826E+00
    6.2711130435E-01    2.8957854837E+01    7.2607075988E-01    8.7007374560E-01    6.8497775300E+00    2.9781641435E+00
    6.3652695652E-01    2.9392637446E+01    7.0918130002E-01    8.6121554225E-01    6.8270521387E+00    2.9682835386E+00
    6.4594260870E-01    2.9827420054E+01    6.9275023547E-01    8.5248258148E-01    6.7942013354E+00    2.9540005806E+00
    6.5535826087E-01    3.0262202663E+01    6.7679222525E-01    8.4388824926E-01    6.7468877632E+00    2.9334294623E+00
    6.6477391304E-01    3.0696985272E+01    6.6133145913E-01    8.3545177030E-01    6.6791027906E+00    2.9039577350E+00
    6.7418956522E-01    3.1131767880E+01    6.4640472931E-01    8.2720026168E-01    6.5827193245E+00    2.8620518802E+00
    6.8360521739E-01    3.1566550489E+01    6.3206499117E-01    8.1917118632E-01    6.4471323632E+00    2.8031010275E+00
    6.9302086957E-01    3.2001333098E+01    6.1838494839E-01    8.1141494869E-01    6.2592434290E+00    2.7214101865E+00
    7.0243652174E-01    3.2436115706E+01    6.0545960484E-01    8.0399699046E-01    6.0042324880E+00    2.6105358644E+00
    7.1185217391E-01    3.2870898315E+01    5.9340589351E-01    7.9699817765E-01    5.6677120748E+00    2.4642226412E+00
    7.2126782609E-01    3.3305680924E+01    5.8235672293E-01    7.9051169892E-01    5.2397264577E+00    2.2781419381E+00
    7.3068347826E-01    3.3740463533E+01    5.7244688952E-01    7.8463464144E-01    4.7202638318E+00    2.0522886225E+00
    7.4009913043E-01    3.4175246141E+01    5.6379048117E-01    7.7945369715E-01    4.1243687349E+00    1.7932037978E+00
    7.4951478261E-01    3.4610028750E+01    5.5645408351E-01    7.7502748032E-01    3.4834789346E+00    1.5145560585E+00
    7.5893043478E-01    3.5044811359E+01    5.5043514958E-01    7.7137142649E-01    2.8402699225E+00    1.2348999663E+00
    7.6834608696E-01    3.5479593967E+01    5.4565565751E-01    7.6845211416E-01    2.2380278954E+00    9.7305560670E-01
    7.7776173913E-01    3.5914376576E+01    5.4197490887E-01    7.6619404873E-01    1.7097051617E+00    7.4335007032E-01
    7.8717739130E-01    3.6349159185E+01    5.3921578898E-01    7.6449569413E-01    1.2720705719E+00    5.5307416171E-01
    7.9659304348E-01    3.6783941793E+01    5.3719345165E-01    7.6324773838E-01    9.2646191055E-01    4.0280952633E-01
    8.0600869565E-01    3.7218724402E+01    5.3573731494E-01    7.6234753184E-01    6.6367856613E-01    2.8855589832E-01
    8.1542434783E-01    3.7653507011E+01    5.3470301366E-01    7.6170727024E-01    4.6957235931E-01    2.0416189535E-01
    8.2484000000E-01    3.8088289620E+01    5.3397570737E-01    7.6125662788E-01    3.2923931391E-01    1.4314752779E-01
