#   x/a             x/rho_ref           T                   n                   omt                 omn
#      0.000000
    1.7516000000E-01    6.4706316956E+01    5.6182331117E+00    1.3136174627E+00    3.2923931391E-01    1.4314752779E-01
    1.7632221825E-01    6.5135655060E+01    5.6174297763E+00    1.3135357940E+00    3.4412520838E-01    1.4961965582E-01
    1.7748443649E-01    6.5564993164E+01    5.6165902856E+00    1.3134504426E+00    3.5964730039E-01    1.5636839147E-01
    1.7864665474E-01    6.5994331267E+01    5.6157131097E+00    1.3133612520E+00    3.7582939406E-01    1.6340408438E-01
    1.7980887299E-01    6.6423669371E+01    5.6147966633E+00    1.3132680600E+00    3.9269587366E-01    1.7073733637E-01
    1.8097109123E-01    6.6853007475E+01    5.6138393039E+00    1.3131706985E+00    4.1027168777E-01    1.7837899468E-01
    1.8213330948E-01    6.7282345579E+01    5.6128393310E+00    1.3130689932E+00    4.2858232993E-01    1.8634014345E-01
    1.8329552773E-01    6.7711683682E+01    5.6117949848E+00    1.3129627639E+00    4.4765381529E-01    1.9463209361E-01
    1.8445774597E-01    6.8141021786E+01    5.6107044452E+00    1.3128518239E+00    4.6751265306E-01    2.0326637090E-01
    1.8561996422E-01    6.8570359890E+01    5.6095658311E+00    1.3127359803E+00    4.8818581442E-01    2.1225470192E-01
    1.8678218247E-01    6.8999697994E+01    5.6083771991E+00    1.3126150337E+00    5.0970069562E-01    2.2160899810E-01
    1.8794440072E-01    6.9429036097E+01    5.6071365434E+00    1.3124887781E+00    5.3208507593E-01    2.3134133736E-01
    1.8910661896E-01    6.9858374201E+01    5.6058417946E+00    1.3123570008E+00    5.5536707009E-01    2.4146394352E-01
    1.9026883721E-01    7.0287712305E+01    5.6044908196E+00    1.3122194826E+00    5.7957507502E-01    2.5198916305E-01
    1.9143105546E-01    7.0717050409E+01    5.6030814210E+00    1.3120759974E+00    6.0473771052E-01    2.6292943936E-01
    1.9259327370E-01    7.1146388512E+01    5.6016113375E+00    1.3119263123E+00    6.3088375353E-01    2.7429728414E-01
    1.9375549195E-01    7.1575726616E+01    5.6000782432E+00    1.3117701878E+00    6.5804206584E-01    2.8610524602E-01
    1.9491771020E-01    7.2005064720E+01    5.5984797483E+00    1.3116073774E+00    6.8624151488E-01    2.9836587604E-01
    1.9607992844E-01    7.2434402824E+01    5.5968133997E+00    1.3114376280E+00    7.1551088752E-01    3.1109169023E-01
    1.9724214669E-01    7.2863740927E+01    5.5950766812E+00    1.3112606797E+00    7.4587879648E-01    3.2429512890E-01
    1.9840436494E-01    7.3293079031E+01    5.5932670148E+00    1.3110762659E+00    7.7737357942E-01    3.3798851279E-01
    1.9956658318E-01    7.3722417135E+01    5.5913817619E+00    1.3108841136E+00    8.1002319047E-01    3.5218399586E-01
    2.0072880143E-01    7.4151755239E+01    5.5894182246E+00    1.3106839433E+00    8.4385508422E-01    3.6689351488E-01
    2.0189101968E-01    7.4581093342E+01    5.5873736478E+00    1.3104754693E+00    8.7889609218E-01    3.8212873573E-01
    2.0305323792E-01    7.5010431446E+01    5.5852452211E+00    1.3102583998E+00    9.1517229177E-01    3.9790099642E-01
    2.0421545617E-01    7.5439769550E+01    5.5830300814E+00    1.3100324372E+00    9.5270886807E-01    4.1422124699E-01
    2.0537767442E-01    7.5869107654E+01    5.5807253160E+00    1.3097972782E+00    9.9152996848E-01    4.3109998630E-01
    2.0653989267E-01    7.6298445757E+01    5.5783279651E+00    1.3095526142E+00    1.0316585508E+00    4.4854719601E-01
    2.0770211091E-01    7.6727783861E+01    5.5758350263E+00    1.3092981320E+00    1.0731162250E+00    4.6657227176E-01
    2.0886432916E-01    7.7157121965E+01    5.5732434579E+00    1.3090335133E+00    1.1159230895E+00    4.8518395194E-01
    2.1002654741E-01    7.7586460069E+01    5.5705501837E+00    1.3087584359E+00    1.1600975618E+00    5.0439024428E-01
    2.1118876565E-01    7.8015798172E+01    5.5677520979E+00    1.3084725740E+00    1.2056562064E+00    5.2419835061E-01
    2.1235098390E-01    7.8445136276E+01    5.5648460701E+00    1.3081755985E+00    1.2526135575E+00    5.4461459020E-01
    2.1351320215E-01    7.8874474380E+01    5.5618289513E+00    1.3078671774E+00    1.3009819409E+00    5.6564432214E-01
    2.1467542039E-01    7.9303812484E+01    5.5586975795E+00    1.3075469770E+00    1.3507712946E+00    5.8729186723E-01
    2.1583763864E-01    7.9733150588E+01    5.5554487873E+00    1.3072146618E+00    1.4019889890E+00    6.0956043002E-01
    2.1699985689E-01    8.0162488691E+01    5.5520794078E+00    1.3068698959E+00    1.4546396496E+00    6.3245202156E-01
    2.1816207513E-01    8.0591826795E+01    5.5485862827E+00    1.3065123431E+00    1.5087249821E+00    6.5596738352E-01
    2.1932429338E-01    8.1021164899E+01    5.5449662699E+00    1.3061416679E+00    1.5642436033E+00    6.8010591447E-01
    2.2048651163E-01    8.1450503003E+01    5.5412162517E+00    1.3057575364E+00    1.6211908777E+00    7.0486559899E-01
    2.2164872987E-01    8.1879841106E+01    5.5373331434E+00    1.3053596170E+00    1.6795587630E+00    7.3024294045E-01
    2.2281094812E-01    8.2309179210E+01    5.5333139021E+00    1.3049475812E+00    1.7393356661E+00    7.5623289833E-01
    2.2397316637E-01    8.2738517314E+01    5.5291555363E+00    1.3045211049E+00    1.8005063108E+00    7.8282883079E-01
    2.2513538462E-01    8.3167855418E+01    5.5248551145E+00    1.3040798689E+00    1.8630516201E+00    8.1002244351E-01
    2.2629760286E-01    8.3597193521E+01    5.5204097758E+00    1.3036235598E+00    1.9269486146E+00    8.3780374549E-01
    2.2745982111E-01    8.4026531625E+01    5.5158167391E+00    1.3031518715E+00    1.9921703292E+00    8.6616101270E-01
    2.2862203936E-01    8.4455869729E+01    5.5110733135E+00    1.3026645057E+00    2.0586857492E+00    8.9508076050E-01
    2.2978425760E-01    8.4885207833E+01    5.5061769080E+00    1.3021611732E+00    2.1264597684E+00    9.2454772537E-01
    2.3094647585E-01    8.5314545936E+01    5.5011250414E+00    1.3016415945E+00    2.1954531707E+00    9.5454485683E-01
    2.3210869410E-01    8.5743884040E+01    5.4959153528E+00    1.3011055016E+00    2.2656226362E+00    9.8505332007E-01
    2.3327091234E-01    8.6173222144E+01    5.4905456111E+00    1.3005526380E+00    2.3369207729E+00    1.0160525099E+00
    2.3443313059E-01    8.6602560248E+01    5.4850137245E+00    1.2999827604E+00    2.4092961763E+00    1.0475200767E+00
    2.3559534884E-01    8.7031898351E+01    5.4793177500E+00    1.2993956394E+00    2.4826935161E+00    1.0794319635E+00
    2.3675756708E-01    8.7461236455E+01    5.4734559025E+00    1.2987910606E+00    2.5570536512E+00    1.1117624570E+00
    2.3791978533E-01    8.7890574559E+01    5.4674265634E+00    1.2981688251E+00    2.6323137730E+00    1.1444842491E+00
    2.3908200358E-01    8.8319912663E+01    5.4612282886E+00    1.2975287507E+00    2.7084075774E+00    1.1775685119E+00
    2.4024422182E-01    8.8749250766E+01    5.4548598161E+00    1.2968706729E+00    2.7852654638E+00    1.2109849843E+00
    2.4140644007E-01    8.9178588870E+01    5.4483200732E+00    1.2961944449E+00    2.8628147609E+00    1.2447020700E+00
    2.4256865832E-01    8.9607926974E+01    5.4416081823E+00    1.2954999391E+00    2.9409799784E+00    1.2786869472E+00
    2.4373087657E-01    9.0037265078E+01    5.4347234670E+00    1.2947870473E+00    3.0196830822E+00    1.3129056879E+00
    2.4489309481E-01    9.0466603181E+01    5.4276654563E+00    1.2940556812E+00    3.0988437917E+00    1.3473233877E+00
    2.4605531306E-01    9.0895941285E+01    5.4204338891E+00    1.2933057730E+00    3.1783798965E+00    1.3819043028E+00
    2.4721753131E-01    9.1325279389E+01    5.4130287167E+00    1.2925372758E+00    3.2582075908E+00    1.4166119960E+00
    2.4837974955E-01    9.1754617493E+01    5.4054501052E+00    1.2917501639E+00    3.3382418216E+00    1.4514094876E+00
    2.4954196780E-01    9.2183955596E+01    5.3976984365E+00    1.2909444328E+00    3.4183966482E+00    1.4862594123E+00
    2.5070418605E-01    9.2613293700E+01    5.3897743087E+00    1.2901200995E+00    3.4985856103E+00    1.5211241784E+00
    2.5186640429E-01    9.3042631804E+01    5.3816785353E+00    1.2892772024E+00    3.5787220999E+00    1.5559661304E+00
    2.5302862254E-01    9.3471969908E+01    5.3734121437E+00    1.2884158015E+00    3.6587197359E+00    1.5907477112E+00
    2.5419084079E-01    9.3901308011E+01    5.3649763721E+00    1.2875359778E+00    3.7384927350E+00    1.6254316239E+00
    2.5535305903E-01    9.4330646115E+01    5.3563726665E+00    1.2866378333E+00    3.8179562786E+00    1.6599809907E+00
    2.5651527728E-01    9.4759984219E+01    5.3476026757E+00    1.2857214906E+00    3.8970268704E+00    1.6943595089E+00
    2.5767749553E-01    9.5189322323E+01    5.3386682464E+00    1.2847870926E+00    3.9756226812E+00    1.7285316005E+00
    2.5883971377E-01    9.5618660427E+01    5.3295714171E+00    1.2838348015E+00    4.0536638805E+00    1.7624625567E+00
    2.6000193202E-01    9.6047998530E+01    5.3203144106E+00    1.2828647988E+00    4.1310729487E+00    1.7961186734E+00
    2.6116415027E-01    9.6477336634E+01    5.3108996271E+00    1.2818772845E+00    4.2077749705E+00    1.8294673785E+00
    2.6232636852E-01    9.6906674738E+01    5.3013296356E+00    1.2808724758E+00    4.2836979048E+00    1.8624773499E+00
    2.6348858676E-01    9.7336012842E+01    5.2916071650E+00    1.2798506070E+00    4.3587728311E+00    1.8951186222E+00
    2.6465080501E-01    9.7765350945E+01    5.2817350949E+00    1.2788119283E+00    4.4329341700E+00    1.9273626826E+00
    2.6581302326E-01    9.8194689049E+01    5.2717164456E+00    1.2777567050E+00    4.5061198763E+00    1.9591825549E+00
    2.6697524150E-01    9.8624027153E+01    5.2615543682E+00    1.2766852164E+00    4.5782716050E+00    1.9905528717E+00
    2.6813745975E-01    9.9053365257E+01    5.2512521340E+00    1.2755977550E+00    4.6493348485E+00    2.0214499341E+00
    2.6929967800E-01    9.9482703360E+01    5.2408131239E+00    1.2744946254E+00    4.7192590459E+00    2.0518517591E+00
    2.7046189624E-01    9.9912041464E+01    5.2302408174E+00    1.2733761433E+00    4.7879976637E+00    2.0817381147E+00
    2.7162411449E-01    1.0034137957E+02    5.2195387822E+00    1.2722426345E+00    4.8555082494E+00    2.1110905432E+00
    2.7278633274E-01    1.0077071767E+02    5.2087106628E+00    1.2710944337E+00    4.9217524575E+00    2.1398923728E+00
    2.7394855098E-01    1.0120005578E+02    5.1977601700E+00    1.2699318837E+00    4.9866960510E+00    2.1681287178E+00
    2.7511076923E-01    1.0162939388E+02    5.1866910702E+00    1.2687553341E+00    5.0503088770E+00    2.1957864682E+00
    2.7627298748E-01    1.0205873198E+02    5.1755071752E+00    1.2675651405E+00    5.1125648205E+00    2.2228542698E+00
    2.7743520572E-01    1.0248807009E+02    5.1642123312E+00    1.2663616634E+00    5.1734417363E+00    2.2493224940E+00
    2.7859742397E-01    1.0291740819E+02    5.1528104099E+00    1.2651452671E+00    5.2329213615E+00    2.2751832007E+00
    2.7975964222E-01    1.0334674629E+02    5.1413052981E+00    1.2639163191E+00    5.2909892103E+00    2.3004300914E+00
    2.8092186047E-01    1.0377608440E+02    5.1297008887E+00    1.2626751887E+00    5.3476344530E+00    2.3250584578E+00
    2.8208407871E-01    1.0420542250E+02    5.1180010723E+00    1.2614222466E+00    5.4028497812E+00    2.3490651223E+00
    2.8324629696E-01    1.0463476061E+02    5.1062097281E+00    1.2601578637E+00    5.4566312617E+00    2.3724483746E+00
    2.8440851521E-01    1.0506409871E+02    5.0943307166E+00    1.2588824105E+00    5.5089781791E+00    2.3952079040E+00
    2.8557073345E-01    1.0549343681E+02    5.0823678717E+00    1.2575962560E+00    5.5598928721E+00    2.4173447270E+00
    2.8673295170E-01    1.0592277492E+02    5.0703249941E+00    1.2562997675E+00    5.6093805620E+00    2.4388611139E+00
    2.8789516995E-01    1.0635211302E+02    5.0582058445E+00    1.2549933096E+00    5.6574491781E+00    2.4597605122E+00
    2.8905738819E-01    1.0678145112E+02    5.0460141380E+00    1.2536772436E+00    5.7041091790E+00    2.4800474691E+00
    2.9021960644E-01    1.0721078923E+02    5.0337535380E+00    1.2523519269E+00    5.7493733732E+00    2.4997275536E+00
    2.9138182469E-01    1.0764012733E+02    5.0214276519E+00    1.2510177127E+00    5.7932567399E+00    2.5188072782E+00
    2.9254404293E-01    1.0806946544E+02    5.0090400262E+00    1.2496749491E+00    5.8357762505E+00    2.5372940220E+00
    2.9370626118E-01    1.0849880354E+02    4.9965941423E+00    1.2483239790E+00    5.8769506929E+00    2.5551959535E+00
    2.9486847943E-01    1.0892814164E+02    4.9840934134E+00    1.2469651397E+00    5.9168004997E+00    2.5725219564E+00
    2.9603069767E-01    1.0935747975E+02    4.9715411808E+00    1.2455987623E+00    5.9553475796E+00    2.5892815563E+00
    2.9719291592E-01    1.0978681785E+02    4.9589407119E+00    1.2442251715E+00    5.9926151554E+00    2.6054848502E+00
    2.9835513417E-01    1.1021615595E+02    4.9462951970E+00    1.2428446854E+00    6.0286276069E+00    2.6211424378E+00
    2.9951735242E-01    1.1064549406E+02    4.9336077482E+00    1.2414576153E+00    6.0634103199E+00    2.6362653565E+00
    3.0067957066E-01    1.1107483216E+02    4.9208813973E+00    1.2400642652E+00    6.0969895428E+00    2.6508650186E+00
    3.0184178891E-01    1.1150417027E+02    4.9081190950E+00    1.2386649321E+00    6.1293922499E+00    2.6649531521E+00
    3.0300400716E-01    1.1193350837E+02    4.8953237095E+00    1.2372599054E+00    6.1606460116E+00    2.6785417442E+00
    3.0416622540E-01    1.1236284647E+02    4.8824980268E+00    1.2358494672E+00    6.1907788725E+00    2.6916429881E+00
    3.0532844365E-01    1.1279218458E+02    4.8696447494E+00    1.2344338919E+00    6.2198192376E+00    2.7042692337E+00
    3.0649066190E-01    1.1322152268E+02    4.8567664971E+00    1.2330134464E+00    6.2477957644E+00    2.7164329410E+00
    3.0765288014E-01    1.1365086078E+02    4.8438658068E+00    1.2315883900E+00    6.2747372645E+00    2.7281466367E+00
    3.0881509839E-01    1.1408019889E+02    4.8309451329E+00    1.2301589744E+00    6.3006726111E+00    2.7394228744E+00
    3.0997731664E-01    1.1450953699E+02    4.8180068482E+00    1.2287254435E+00    6.3256306543E+00    2.7502741975E+00
    3.1113953488E-01    1.1493887510E+02    4.8050532448E+00    1.2272880340E+00    6.3496401436E+00    2.7607131059E+00
    3.1230175313E-01    1.1536821320E+02    4.7920865347E+00    1.2258469748E+00    6.3727296569E+00    2.7707520247E+00
    3.1346397138E-01    1.1579755130E+02    4.7791088510E+00    1.2244024877E+00    6.3949275359E+00    2.7804032765E+00
    3.1462618962E-01    1.1622688941E+02    4.7661222496E+00    1.2229547869E+00    6.4162618288E+00    2.7896790560E+00
    3.1578840787E-01    1.1665622751E+02    4.7531287101E+00    1.2215040795E+00    6.4367602372E+00    2.7985914075E+00
    3.1695062612E-01    1.1708556561E+02    4.7401301376E+00    1.2200505657E+00    6.4564500709E+00    2.8071522047E+00
    3.1811284436E-01    1.1751490372E+02    4.7271283640E+00    1.2185944384E+00    6.4753582059E+00    2.8153731330E+00
    3.1927506261E-01    1.1794424182E+02    4.7141251497E+00    1.2171358839E+00    6.4935110495E+00    2.8232656737E+00
    3.2043728086E-01    1.1837357993E+02    4.7011221856E+00    1.2156750818E+00    6.5109345083E+00    2.8308410906E+00
    3.2159949911E-01    1.1880291803E+02    4.6881210942E+00    1.2142122051E+00    6.5276539624E+00    2.8381104184E+00
    3.2276171735E-01    1.1923225613E+02    4.6751234321E+00    1.2127474203E+00    6.5436942421E+00    2.8450844531E+00
    3.2392393560E-01    1.1966159424E+02    4.6621306913E+00    1.2112808879E+00    6.5590796102E+00    2.8517737436E+00
    3.2508615385E-01    1.2009093234E+02    4.6491443011E+00    1.2098127621E+00    6.5738337460E+00    2.8581885852E+00
    3.2624837209E-01    1.2052027044E+02    4.6361656304E+00    1.2083431913E+00    6.5879797344E+00    2.8643390150E+00
    3.2741059034E-01    1.2094960855E+02    4.6231959887E+00    1.2068723181E+00    6.6015400566E+00    2.8702348072E+00
    3.2857280859E-01    1.2137894665E+02    4.6102366286E+00    1.2054002797E+00    6.6145365843E+00    2.8758854715E+00
    3.2973502683E-01    1.2180828476E+02    4.5972887476E+00    1.2039272076E+00    6.6269905764E+00    2.8813002506E+00
    3.3089724508E-01    1.2223762286E+02    4.5843534893E+00    1.2024532282E+00    6.6389226775E+00    2.8864881206E+00
    3.3205946333E-01    1.2266696096E+02    4.5714319460E+00    1.2009784627E+00    6.6503529191E+00    2.8914577909E+00
    3.3322168157E-01    1.2309629907E+02    4.5585251601E+00    1.1995030275E+00    6.6613007223E+00    2.8962177053E+00
    3.3438389982E-01    1.2352563717E+02    4.5456341256E+00    1.1980270342E+00    6.6717849021E+00    2.9007760444E+00
    3.3554611807E-01    1.2395497527E+02    4.5327597901E+00    1.1965505898E+00    6.6818236735E+00    2.9051407276E+00
    3.3670833631E-01    1.2438431338E+02    4.5199030568E+00    1.1950737966E+00    6.6914346583E+00    2.9093194166E+00
    3.3787055456E-01    1.2481365148E+02    4.5070647854E+00    1.1935967530E+00    6.7006348939E+00    2.9133195191E+00
    3.3903277281E-01    1.2524298959E+02    4.4942457942E+00    1.1921195530E+00    6.7094408425E+00    2.9171481924E+00
    3.4019499106E-01    1.2567232769E+02    4.4814468618E+00    1.1906422866E+00    6.7178684010E+00    2.9208123483E+00
    3.4135720930E-01    1.2610166579E+02    4.4686687280E+00    1.1891650401E+00    6.7259329126E+00    2.9243186577E+00
    3.4251942755E-01    1.2653100390E+02    4.4559120962E+00    1.1876878958E+00    6.7336491777E+00    2.9276735555E+00
    3.4368164580E-01    1.2696034200E+02    4.4431776341E+00    1.1862109328E+00    6.7410314665E+00    2.9308832463E+00
    3.4484386404E-01    1.2738968010E+02    4.4304659753E+00    1.1847342264E+00    6.7480935311E+00    2.9339537092E+00
    3.4600608229E-01    1.2781901821E+02    4.4177777210E+00    1.1832578488E+00    6.7548486188E+00    2.9368907038E+00
    3.4716830054E-01    1.2824835631E+02    4.4051134409E+00    1.1817818689E+00    6.7613094848E+00    2.9396997760E+00
    3.4833051878E-01    1.2867769442E+02    4.3924736746E+00    1.1803063527E+00    6.7674884057E+00    2.9423862634E+00
    3.4949273703E-01    1.2910703252E+02    4.3798589332E+00    1.1788313631E+00    6.7733971929E+00    2.9449553013E+00
    3.5065495528E-01    1.2953637062E+02    4.3672697000E+00    1.1773569602E+00    6.7790472059E+00    2.9474118287E+00
    3.5181717352E-01    1.2996570873E+02    4.3547064319E+00    1.1758832015E+00    6.7844493660E+00    2.9497605939E+00
    3.5297939177E-01    1.3039504683E+02    4.3421695604E+00    1.1744101417E+00    6.7896141695E+00    2.9520061607E+00
    3.5414161002E-01    1.3082438493E+02    4.3296594931E+00    1.1729378332E+00    6.7945517012E+00    2.9541529136E+00
    3.5530382826E-01    1.3125372304E+02    4.3171766141E+00    1.1714663258E+00    6.7992716473E+00    2.9562050641E+00
    3.5646604651E-01    1.3168306114E+02    4.3047212855E+00    1.1699956673E+00    6.8037833091E+00    2.9581666561E+00
    3.5762826476E-01    1.3211239925E+02    4.2922938481E+00    1.1685259031E+00    6.8080956150E+00    2.9600415718E+00
    3.5879048301E-01    1.3254173735E+02    4.2798946226E+00    1.1670570764E+00    6.8122171342E+00    2.9618335366E+00
    3.5995270125E-01    1.3297107545E+02    4.2675239101E+00    1.1655892285E+00    6.8161560881E+00    2.9635461253E+00
    3.6111491950E-01    1.3340041356E+02    4.2551819934E+00    1.1641223988E+00    6.8199203634E+00    2.9651827667E+00
    3.6227713775E-01    1.3382975166E+02    4.2428691374E+00    1.1626566249E+00    6.8235175234E+00    2.9667467493E+00
    3.6343935599E-01    1.3425908976E+02    4.2305855902E+00    1.1611919423E+00    6.8269548201E+00    2.9682412261E+00
    3.6460157424E-01    1.3468842787E+02    4.2183315839E+00    1.1597283851E+00    6.8302392054E+00    2.9696692197E+00
    3.6576379249E-01    1.3511776597E+02    4.2061073350E+00    1.1582659858E+00    6.8333773422E+00    2.9710336270E+00
    3.6692601073E-01    1.3554710408E+02    4.1939130454E+00    1.1568047750E+00    6.8363756154E+00    2.9723372241E+00
    3.6808822898E-01    1.3597644218E+02    4.1817489030E+00    1.1553447823E+00    6.8392401422E+00    2.9735826705E+00
    3.6925044723E-01    1.3640578028E+02    4.1696150822E+00    1.1538860355E+00    6.8419767825E+00    2.9747725141E+00
    3.7041266547E-01    1.3683511839E+02    4.1575117447E+00    1.1524285612E+00    6.8445911487E+00    2.9759091951E+00
    3.7157488372E-01    1.3726445649E+02    4.1454390401E+00    1.1509723845E+00    6.8470886154E+00    2.9769950502E+00
    3.7273710197E-01    1.3769379459E+02    4.1333971063E+00    1.1495175296E+00    6.8494743286E+00    2.9780323168E+00
    3.7389932021E-01    1.3812313270E+02    4.1213860702E+00    1.1480640191E+00    6.8517532150E+00    2.9790231370E+00
    3.7506153846E-01    1.3855247080E+02    4.1094060480E+00    1.1466118749E+00    6.8539299904E+00    2.9799695610E+00
    3.7622375671E-01    1.3898180891E+02    4.0974571460E+00    1.1451611174E+00    6.8560091683E+00    2.9808735514E+00
    3.7738597496E-01    1.3941114701E+02    4.0855394610E+00    1.1437117663E+00    6.8579950681E+00    2.9817369861E+00
    3.7854819320E-01    1.3984048511E+02    4.0736530804E+00    1.1422638400E+00    6.8598918229E+00    2.9825616621E+00
    3.7971041145E-01    1.4026982322E+02    4.0617980832E+00    1.1408173561E+00    6.8617033871E+00    2.9833492988E+00
    3.8087262970E-01    1.4069916132E+02    4.0499745398E+00    1.1393723315E+00    6.8634335438E+00    2.9841015408E+00
    3.8203484794E-01    1.4112849942E+02    4.0381825132E+00    1.1379287817E+00    6.8650859116E+00    2.9848199616E+00
    3.8319706619E-01    1.4155783753E+02    4.0264220584E+00    1.1364867220E+00    6.8666639518E+00    2.9855060660E+00
    3.8435928444E-01    1.4198717563E+02    4.0146932236E+00    1.1350461664E+00    6.8681709748E+00    2.9861612934E+00
    3.8552150268E-01    1.4241651374E+02    4.0029960500E+00    1.1336071284E+00    6.8696101460E+00    2.9867870200E+00
    3.8668372093E-01    1.4284585184E+02    3.9913305725E+00    1.1321696207E+00    6.8709844927E+00    2.9873845621E+00
    3.8784593918E-01    1.4327518994E+02    3.9796968197E+00    1.1307336555E+00    6.8722969091E+00    2.9879551779E+00
    3.8900815742E-01    1.4370452805E+02    3.9680948145E+00    1.1292992440E+00    6.8735501624E+00    2.9885000706E+00
    3.9017037567E-01    1.4413386615E+02    3.9565245742E+00    1.1278663970E+00    6.8747468981E+00    2.9890203905E+00
    3.9133259392E-01    1.4456320425E+02    3.9449861106E+00    1.1264351247E+00    6.8758896451E+00    2.9895172370E+00
    3.9249481216E-01    1.4499254236E+02    3.9334794308E+00    1.1250054366E+00    6.8769808205E+00    2.9899916611E+00
    3.9365703041E-01    1.4542188046E+02    3.9220045369E+00    1.1235773419E+00    6.8780227349E+00    2.9904446674E+00
    3.9481924866E-01    1.4585121857E+02    3.9105614266E+00    1.1221508489E+00    6.8790175966E+00    2.9908772159E+00
    3.9598146691E-01    1.4628055667E+02    3.8991500932E+00    1.1207259658E+00    6.8799675160E+00    2.9912902243E+00
    3.9714368515E-01    1.4670989477E+02    3.8877705259E+00    1.1193027001E+00    6.8808745098E+00    2.9916845695E+00
    3.9830590340E-01    1.4713923288E+02    3.8764227101E+00    1.1178810588E+00    6.8817405053E+00    2.9920610893E+00
    3.9946812165E-01    1.4756857098E+02    3.8651066274E+00    1.1164610487E+00    6.8825673441E+00    2.9924205844E+00
    4.0063033989E-01    1.4799790908E+02    3.8538222560E+00    1.1150426760E+00    6.8833567858E+00    2.9927638199E+00
    4.0179255814E-01    1.4842724719E+02    3.8425695706E+00    1.1136259466E+00    6.8841105115E+00    2.9930915268E+00
    4.0295477639E-01    1.4885658529E+02    3.8313485429E+00    1.1122108659E+00    6.8848301276E+00    2.9934044033E+00
    4.0411699463E-01    1.4928592340E+02    3.8201591416E+00    1.1107974391E+00    6.8855171685E+00    2.9937031168E+00
    4.0527921288E-01    1.4971526150E+02    3.8090013325E+00    1.1093856709E+00    6.8861731003E+00    2.9939883045E+00
    4.0644143113E-01    1.5014459960E+02    3.7978750787E+00    1.1079755658E+00    6.8867993234E+00    2.9942605754E+00
    4.0760364937E-01    1.5057393771E+02    3.7867803409E+00    1.1065671281E+00    6.8873971755E+00    2.9945205111E+00
    4.0876586762E-01    1.5100327581E+02    3.7757170771E+00    1.1051603614E+00    6.8879679344E+00    2.9947686671E+00
    4.0992808587E-01    1.5143261391E+02    3.7646852433E+00    1.1037552695E+00    6.8885128208E+00    2.9950055743E+00
    4.1109030411E-01    1.5186195202E+02    3.7536847932E+00    1.1023518556E+00    6.8890330003E+00    2.9952317393E+00
    4.1225252236E-01    1.5229129012E+02    3.7427156783E+00    1.1009501228E+00    6.8895295865E+00    2.9954476463E+00
    4.1341474061E-01    1.5272062823E+02    3.7317778485E+00    1.0995500739E+00    6.8900036428E+00    2.9956537577E+00
    4.1457695886E-01    1.5314996633E+02    3.7208712516E+00    1.0981517114E+00    6.8904561847E+00    2.9958505151E+00
    4.1573917710E-01    1.5357930443E+02    3.7099958337E+00    1.0967550377E+00    6.8908881822E+00    2.9960383401E+00
    4.1690139535E-01    1.5400864254E+02    3.6991515394E+00    1.0953600550E+00    6.8913005615E+00    2.9962176355E+00
    4.1806361360E-01    1.5443798064E+02    3.6883383116E+00    1.0939667651E+00    6.8916942072E+00    2.9963887857E+00
    4.1922583184E-01    1.5486731874E+02    3.6775560917E+00    1.0925751699E+00    6.8920699637E+00    2.9965521581E+00
    4.2038805009E-01    1.5529665685E+02    3.6668048199E+00    1.0911852709E+00    6.8924286376E+00    2.9967081033E+00
    4.2155026834E-01    1.5572599495E+02    3.6560844350E+00    1.0897970695E+00    6.8927709991E+00    2.9968569561E+00
    4.2271248658E-01    1.5615533306E+02    3.6453948745E+00    1.0884105669E+00    6.8930977833E+00    2.9969990362E+00
    4.2387470483E-01    1.5658467116E+02    3.6347360749E+00    1.0870257643E+00    6.8934096924E+00    2.9971346488E+00
    4.2503692308E-01    1.5701400926E+02    3.6241079715E+00    1.0856426624E+00    6.8937073965E+00    2.9972640854E+00
    4.2619914132E-01    1.5744334737E+02    3.6135104985E+00    1.0842612620E+00    6.8939915356E+00    2.9973876242E+00
    4.2736135957E-01    1.5787268547E+02    3.6029435894E+00    1.0828815639E+00    6.8942627207E+00    2.9975055307E+00
    4.2852357782E-01    1.5830202358E+02    3.5924071766E+00    1.0815035685E+00    6.8945215348E+00    2.9976180586E+00
    4.2968579606E-01    1.5873136168E+02    3.5819011916E+00    1.0801272762E+00    6.8947685348E+00    2.9977254499E+00
    4.3084801431E-01    1.5916069978E+02    3.5714255652E+00    1.0787526873E+00    6.8950042520E+00    2.9978279356E+00
    4.3201023256E-01    1.5959003789E+02    3.5609802275E+00    1.0773798018E+00    6.8952291937E+00    2.9979257364E+00
    4.3317245081E-01    1.6001937599E+02    3.5505651077E+00    1.0760086199E+00    6.8954438441E+00    2.9980190627E+00
    4.3433466905E-01    1.6044871409E+02    3.5401801347E+00    1.0746391415E+00    6.8956486653E+00    2.9981081154E+00
    4.3549688730E-01    1.6087805220E+02    3.5298252364E+00    1.0732713664E+00    6.8958440983E+00    2.9981930862E+00
    4.3665910555E-01    1.6130739030E+02    3.5195003404E+00    1.0719052944E+00    6.8960305640E+00    2.9982741583E+00
    4.3782132379E-01    1.6173672841E+02    3.5092053737E+00    1.0705409251E+00    6.8962084641E+00    2.9983515061E+00
    4.3898354204E-01    1.6216606651E+02    3.4989402627E+00    1.0691782581E+00    6.8963781817E+00    2.9984252964E+00
    4.4014576029E-01    1.6259540461E+02    3.4887049334E+00    1.0678172930E+00    6.8965400825E+00    2.9984956881E+00
    4.4130797853E-01    1.6302474272E+02    3.4784993116E+00    1.0664580291E+00    6.8966945155E+00    2.9985628328E+00
    4.4247019678E-01    1.6345408082E+02    3.4683233223E+00    1.0651004657E+00    6.8968418135E+00    2.9986268754E+00
    4.4363241503E-01    1.6388341892E+02    3.4581768906E+00    1.0637446023E+00    6.8969822940E+00    2.9986879539E+00
    4.4479463327E-01    1.6431275703E+02    3.4480599408E+00    1.0623904379E+00    6.8971162598E+00    2.9987461999E+00
    4.4595685152E-01    1.6474209513E+02    3.4379723972E+00    1.0610379717E+00    6.8972439998E+00    2.9988017390E+00
    4.4711906977E-01    1.6517143324E+02    3.4279141839E+00    1.0596872029E+00    6.8973657894E+00    2.9988546910E+00
    4.4828128801E-01    1.6560077134E+02    3.4178852244E+00    1.0583381305E+00    6.8974818912E+00    2.9989051701E+00
    4.4944350626E-01    1.6603010944E+02    3.4078854422E+00    1.0569907534E+00    6.8975925557E+00    2.9989532851E+00
    4.5060572451E-01    1.6645944755E+02    3.3979147607E+00    1.0556450706E+00    6.8976980215E+00    2.9989991398E+00
    4.5176794275E-01    1.6688878565E+02    3.3879731029E+00    1.0543010809E+00    6.8977985162E+00    2.9990428331E+00
    4.5293016100E-01    1.6731812375E+02    3.3780603918E+00    1.0529587833E+00    6.8978942566E+00    2.9990844594E+00
    4.5409237925E-01    1.6774746186E+02    3.3681765501E+00    1.0516181765E+00    6.8979854492E+00    2.9991241084E+00
    4.5525459750E-01    1.6817679996E+02    3.3583215005E+00    1.0502792593E+00    6.8980722908E+00    2.9991618656E+00
    4.5641681574E-01    1.6860613807E+02    3.3484951655E+00    1.0489420303E+00    6.8981549688E+00    2.9991978125E+00
    4.5757903399E-01    1.6903547617E+02    3.3386974677E+00    1.0476064884E+00    6.8982336616E+00    2.9992320268E+00
    4.5874125224E-01    1.6946481427E+02    3.3289283293E+00    1.0462726320E+00    6.8983085391E+00    2.9992645822E+00
    4.5990347048E-01    1.6989415238E+02    3.3191876728E+00    1.0449404599E+00    6.8983797628E+00    2.9992955490E+00
    4.6106568873E-01    1.7032349048E+02    3.3094754204E+00    1.0436099705E+00    6.8984474865E+00    2.9993249941E+00
    4.6222790698E-01    1.7075282858E+02    3.2997914944E+00    1.0422811626E+00    6.8985118563E+00    2.9993529810E+00
    4.6339012522E-01    1.7118216669E+02    3.2901358171E+00    1.0409540345E+00    6.8985730114E+00    2.9993795702E+00
    4.6455234347E-01    1.7161150479E+02    3.2805083106E+00    1.0396285848E+00    6.8986310836E+00    2.9994048189E+00
    4.6571456172E-01    1.7204084290E+02    3.2709088972E+00    1.0383048119E+00    6.8986861983E+00    2.9994287819E+00
    4.6687677996E-01    1.7247018100E+02    3.2613374993E+00    1.0369827143E+00    6.8987384746E+00    2.9994515107E+00
    4.6803899821E-01    1.7289951910E+02    3.2517940391E+00    1.0356622905E+00    6.8987880252E+00    2.9994730544E+00
    4.6920121646E-01    1.7332885721E+02    3.2422784388E+00    1.0343435388E+00    6.8988349573E+00    2.9994934597E+00
    4.7036343470E-01    1.7375819531E+02    3.2327906211E+00    1.0330264575E+00    6.8988793721E+00    2.9995127705E+00
    4.7152565295E-01    1.7418753341E+02    3.2233305081E+00    1.0317110452E+00    6.8989213656E+00    2.9995310285E+00
    4.7268787120E-01    1.7461687152E+02    3.2138980226E+00    1.0303973001E+00    6.8989610284E+00    2.9995482732E+00
    4.7385008945E-01    1.7504620962E+02    3.2044930871E+00    1.0290852205E+00    6.8989984462E+00    2.9995645418E+00
    4.7501230769E-01    1.7547554773E+02    3.1951156242E+00    1.0277748048E+00    6.8990336999E+00    2.9995798695E+00
    4.7617452594E-01    1.7590488583E+02    3.1857655568E+00    1.0264660513E+00    6.8990668655E+00    2.9995942893E+00
    4.7733674419E-01    1.7633422393E+02    3.1764428077E+00    1.0251589582E+00    6.8990980146E+00    2.9996078324E+00
    4.7849896243E-01    1.7676356204E+02    3.1671472998E+00    1.0238535239E+00    6.8991272146E+00    2.9996205281E+00
    4.7966118068E-01    1.7719290014E+02    3.1578789564E+00    1.0225497466E+00    6.8991545286E+00    2.9996324037E+00
    4.8082339893E-01    1.7762223824E+02    3.1486377005E+00    1.0212476245E+00    6.8991800154E+00    2.9996434850E+00
    4.8198561717E-01    1.7805157635E+02    3.1394234555E+00    1.0199471559E+00    6.8992037303E+00    2.9996537958E+00
    4.8314783542E-01    1.7848091445E+02    3.1302361449E+00    1.0186483391E+00    6.8992257243E+00    2.9996633584E+00
    4.8431005367E-01    1.7891025256E+02    3.1210756924E+00    1.0173511722E+00    6.8992460451E+00    2.9996721935E+00
    4.8547227191E-01    1.7933959066E+02    3.1119420216E+00    1.0160556535E+00    6.8992647364E+00    2.9996803202E+00
    4.8663449016E-01    1.7976892876E+02    3.1028350564E+00    1.0147617812E+00    6.8992818388E+00    2.9996877560E+00
    4.8779670841E-01    1.8019826687E+02    3.0937547209E+00    1.0134695535E+00    6.8992973890E+00    2.9996945170E+00
    4.8895892665E-01    1.8062760497E+02    3.0847009393E+00    1.0121789685E+00    6.8993114208E+00    2.9997006178E+00
    4.9012114490E-01    1.8105694307E+02    3.0756736360E+00    1.0108900246E+00    6.8993239645E+00    2.9997060715E+00
    4.9128336315E-01    1.8148628118E+02    3.0666727355E+00    1.0096027199E+00    6.8993350470E+00    2.9997108900E+00
    4.9244558140E-01    1.8191561928E+02    3.0576981624E+00    1.0083170525E+00    6.8993446925E+00    2.9997150837E+00
    4.9360779964E-01    1.8234495739E+02    3.0487498418E+00    1.0070330207E+00    6.8993529216E+00    2.9997186616E+00
    4.9477001789E-01    1.8277429549E+02    3.0398276986E+00    1.0057506226E+00    6.8993597523E+00    2.9997216314E+00
    4.9593223614E-01    1.8320363359E+02    3.0309316581E+00    1.0044698565E+00    6.8993651992E+00    2.9997239996E+00
    4.9709445438E-01    1.8363297170E+02    3.0220616457E+00    1.0031907204E+00    6.8993692741E+00    2.9997257713E+00
    4.9825667263E-01    1.8406230980E+02    3.0132175870E+00    1.0019132126E+00    6.8993719858E+00    2.9997269503E+00
    4.9941889088E-01    1.8449164790E+02    3.0043994079E+00    1.0006373313E+00    6.8993733402E+00    2.9997275392E+00
    5.0058110912E-01    1.8492098601E+02    2.9956070343E+00    9.9936307463E-01    6.8993733402E+00    2.9997275392E+00
    5.0174332737E-01    1.8535032411E+02    2.9868403924E+00    9.9809044077E-01    6.8993719858E+00    2.9997269503E+00
    5.0290554562E-01    1.8577966222E+02    2.9780994087E+00    9.9681942792E-01    6.8993692741E+00    2.9997257713E+00
    5.0406776386E-01    1.8620900032E+02    2.9693840097E+00    9.9555003426E-01    6.8993651992E+00    2.9997239996E+00
    5.0522998211E-01    1.8663833842E+02    2.9606941223E+00    9.9428225797E-01    6.8993597523E+00    2.9997216314E+00
    5.0639220036E-01    1.8706767653E+02    2.9520296735E+00    9.9301609725E-01    6.8993529216E+00    2.9997186616E+00
    5.0755441860E-01    1.8749701463E+02    2.9433905905E+00    9.9175155029E-01    6.8993446925E+00    2.9997150837E+00
    5.0871663685E-01    1.8792635273E+02    2.9347768009E+00    9.9048861529E-01    6.8993350470E+00    2.9997108900E+00
    5.0987885510E-01    1.8835569084E+02    2.9261882323E+00    9.8922729045E-01    6.8993239645E+00    2.9997060715E+00
    5.1104107335E-01    1.8878502894E+02    2.9176248126E+00    9.8796757399E-01    6.8993114208E+00    2.9997006178E+00
    5.1220329159E-01    1.8921436705E+02    2.9090864700E+00    9.8670946411E-01    6.8992973890E+00    2.9996945170E+00
    5.1336550984E-01    1.8964370515E+02    2.9005731328E+00    9.8545295905E-01    6.8992818388E+00    2.9996877560E+00
    5.1452772809E-01    1.9007304325E+02    2.8920847296E+00    9.8419805702E-01    6.8992647364E+00    2.9996803202E+00
    5.1568994633E-01    1.9050238136E+02    2.8836211893E+00    9.8294475626E-01    6.8992460451E+00    2.9996721935E+00
    5.1685216458E-01    1.9093171946E+02    2.8751824410E+00    9.8169305503E-01    6.8992257243E+00    2.9996633584E+00
    5.1801438283E-01    1.9136105756E+02    2.8667684139E+00    9.8044295156E-01    6.8992037303E+00    2.9996537958E+00
    5.1917660107E-01    1.9179039567E+02    2.8583790376E+00    9.7919444413E-01    6.8991800154E+00    2.9996434850E+00
    5.2033881932E-01    1.9221973377E+02    2.8500142420E+00    9.7794753101E-01    6.8991545286E+00    2.9996324037E+00
    5.2150103757E-01    1.9264907188E+02    2.8416739570E+00    9.7670221048E-01    6.8991272146E+00    2.9996205281E+00
    5.2266325581E-01    1.9307840998E+02    2.8333581131E+00    9.7545848082E-01    6.8990980146E+00    2.9996078324E+00
    5.2382547406E-01    1.9350774808E+02    2.8250666408E+00    9.7421634036E-01    6.8990668655E+00    2.9995942893E+00
    5.2498769231E-01    1.9393708619E+02    2.8167994710E+00    9.7297578741E-01    6.8990336999E+00    2.9995798695E+00
    5.2614991055E-01    1.9436642429E+02    2.8085565347E+00    9.7173682030E-01    6.8989984462E+00    2.9995645418E+00
    5.2731212880E-01    1.9479576239E+02    2.8003377633E+00    9.7049943738E-01    6.8989610284E+00    2.9995482732E+00
    5.2847434705E-01    1.9522510050E+02    2.7921430884E+00    9.6926363700E-01    6.8989213656E+00    2.9995310285E+00
    5.2963656530E-01    1.9565443860E+02    2.7839724421E+00    9.6802941754E-01    6.8988793721E+00    2.9995127705E+00
    5.3079878354E-01    1.9608377671E+02    2.7758257564E+00    9.6679677741E-01    6.8988349573E+00    2.9994934597E+00
    5.3196100179E-01    1.9651311481E+02    2.7677029639E+00    9.6556571500E-01    6.8987880252E+00    2.9994730544E+00
    5.3312322004E-01    1.9694245291E+02    2.7596039974E+00    9.6433622874E-01    6.8987384746E+00    2.9994515107E+00
    5.3428543828E-01    1.9737179102E+02    2.7515287899E+00    9.6310831708E-01    6.8986861983E+00    2.9994287819E+00
    5.3544765653E-01    1.9780112912E+02    2.7434772748E+00    9.6188197848E-01    6.8986310836E+00    2.9994048189E+00
    5.3660987478E-01    1.9823046722E+02    2.7354493858E+00    9.6065721144E-01    6.8985730114E+00    2.9993795702E+00
    5.3777209302E-01    1.9865980533E+02    2.7274450568E+00    9.5943401446E-01    6.8985118563E+00    2.9993529810E+00
    5.3893431127E-01    1.9908914343E+02    2.7194642222E+00    9.5821238608E-01    6.8984474865E+00    2.9993249941E+00
    5.4009652952E-01    1.9951848154E+02    2.7115068165E+00    9.5699232484E-01    6.8983797628E+00    2.9992955490E+00
    5.4125874776E-01    1.9994781964E+02    2.7035727747E+00    9.5577382932E-01    6.8983085391E+00    2.9992645822E+00
    5.4242096601E-01    2.0037715774E+02    2.6956620320E+00    9.5455689814E-01    6.8982336616E+00    2.9992320268E+00
    5.4358318426E-01    2.0080649585E+02    2.6877745241E+00    9.5334152992E-01    6.8981549688E+00    2.9991978125E+00
    5.4474540250E-01    2.0123583395E+02    2.6799101869E+00    9.5212772333E-01    6.8980722908E+00    2.9991618656E+00
    5.4590762075E-01    2.0166517205E+02    2.6720689566E+00    9.5091547706E-01    6.8979854492E+00    2.9991241084E+00
    5.4706983900E-01    2.0209451016E+02    2.6642507700E+00    9.4970478982E-01    6.8978942566E+00    2.9990844594E+00
    5.4823205725E-01    2.0252384826E+02    2.6564555640E+00    9.4849566038E-01    6.8977985162E+00    2.9990428331E+00
    5.4939427549E-01    2.0295318637E+02    2.6486832760E+00    9.4728808753E-01    6.8976980215E+00    2.9989991398E+00
    5.5055649374E-01    2.0338252447E+02    2.6409338437E+00    9.4608207008E-01    6.8975925557E+00    2.9989532851E+00
    5.5171871199E-01    2.0381186257E+02    2.6332072054E+00    9.4487760689E-01    6.8974818912E+00    2.9989051701E+00
    5.5288093023E-01    2.0424120068E+02    2.6255032995E+00    9.4367469688E-01    6.8973657894E+00    2.9988546910E+00
    5.5404314848E-01    2.0467053878E+02    2.6178220649E+00    9.4247333897E-01    6.8972439998E+00    2.9988017390E+00
    5.5520536673E-01    2.0509987688E+02    2.6101634411E+00    9.4127353216E-01    6.8971162598E+00    2.9987461999E+00
    5.5636758497E-01    2.0552921499E+02    2.6025273677E+00    9.4007527546E-01    6.8969822940E+00    2.9986879539E+00
    5.5752980322E-01    2.0595855309E+02    2.5949137850E+00    9.3887856795E-01    6.8968418135E+00    2.9986268754E+00
    5.5869202147E-01    2.0638789120E+02    2.5873226337E+00    9.3768340876E-01    6.8966945155E+00    2.9985628328E+00
    5.5985423971E-01    2.0681722930E+02    2.5797538547E+00    9.3648979705E-01    6.8965400825E+00    2.9984956881E+00
    5.6101645796E-01    2.0724656740E+02    2.5722073898E+00    9.3529773205E-01    6.8963781817E+00    2.9984252964E+00
    5.6217867621E-01    2.0767590551E+02    2.5646831809E+00    9.3410721304E-01    6.8962084641E+00    2.9983515061E+00
    5.6334089445E-01    2.0810524361E+02    2.5571811705E+00    9.3291823935E-01    6.8960305640E+00    2.9982741583E+00
    5.6450311270E-01    2.0853458171E+02    2.5497013017E+00    9.3173081039E-01    6.8958440983E+00    2.9981930862E+00
    5.6566533095E-01    2.0896391982E+02    2.5422435180E+00    9.3054492562E-01    6.8956486653E+00    2.9981081154E+00
    5.6682754919E-01    2.0939325792E+02    2.5348077635E+00    9.2936058455E-01    6.8954438441E+00    2.9980190627E+00
    5.6798976744E-01    2.0982259603E+02    2.5273939829E+00    9.2817778679E-01    6.8952291937E+00    2.9979257364E+00
    5.6915198569E-01    2.1025193413E+02    2.5200021212E+00    9.2699653200E-01    6.8950042520E+00    2.9978279356E+00
    5.7031420394E-01    2.1068127223E+02    2.5126321243E+00    9.2581681993E-01    6.8947685348E+00    2.9977254499E+00
    5.7147642218E-01    2.1111061034E+02    2.5052839385E+00    9.2463865039E-01    6.8945215348E+00    2.9976180586E+00
    5.7263864043E-01    2.1153994844E+02    2.4979575107E+00    9.2346202328E-01    6.8942627207E+00    2.9975055307E+00
    5.7380085868E-01    2.1196928654E+02    2.4906527887E+00    9.2228693859E-01    6.8939915356E+00    2.9973876242E+00
    5.7496307692E-01    2.1239862465E+02    2.4833697205E+00    9.2111339640E-01    6.8937073965E+00    2.9972640854E+00
    5.7612529517E-01    2.1282796275E+02    2.4761082551E+00    9.1994139687E-01    6.8934096924E+00    2.9971346488E+00
    5.7728751342E-01    2.1325730086E+02    2.4688683421E+00    9.1877094028E-01    6.8930977833E+00    2.9969990362E+00
    5.7844973166E-01    2.1368663896E+02    2.4616499318E+00    9.1760202699E-01    6.8927709991E+00    2.9968569561E+00
    5.7961194991E-01    2.1411597706E+02    2.4544529753E+00    9.1643465748E-01    6.8924286376E+00    2.9967081033E+00
    5.8077416816E-01    2.1454531517E+02    2.4472774244E+00    9.1526883233E-01    6.8920699637E+00    2.9965521581E+00
    5.8193638640E-01    2.1497465327E+02    2.4401232316E+00    9.1410455225E-01    6.8916942072E+00    2.9963887857E+00
    5.8309860465E-01    2.1540399137E+02    2.4329903504E+00    9.1294181806E-01    6.8913005615E+00    2.9962176355E+00
    5.8426082290E-01    2.1583332948E+02    2.4258787350E+00    9.1178063072E-01    6.8908881822E+00    2.9960383401E+00
    5.8542304114E-01    2.1626266758E+02    2.4187883405E+00    9.1062099130E-01    6.8904561847E+00    2.9958505151E+00
    5.8658525939E-01    2.1669200569E+02    2.4117191230E+00    9.0946290104E-01    6.8900036428E+00    2.9956537577E+00
    5.8774747764E-01    2.1712134379E+02    2.4046710393E+00    9.0830636129E-01    6.8895295865E+00    2.9954476463E+00
    5.8890969589E-01    2.1755068189E+02    2.3976440474E+00    9.0715137358E-01    6.8890330003E+00    2.9952317393E+00
    5.9007191413E-01    2.1798002000E+02    2.3906381061E+00    9.0599793959E-01    6.8885128208E+00    2.9950055743E+00
    5.9123413238E-01    2.1840935810E+02    2.3836531753E+00    9.0484606116E-01    6.8879679344E+00    2.9947686671E+00
    5.9239635063E-01    2.1883869620E+02    2.3766892161E+00    9.0369574031E-01    6.8873971755E+00    2.9945205111E+00
    5.9355856887E-01    2.1926803431E+02    2.3697461905E+00    9.0254697922E-01    6.8867993234E+00    2.9942605754E+00
    5.9472078712E-01    2.1969737241E+02    2.3628240618E+00    9.0139978030E-01    6.8861731003E+00    2.9939883045E+00
    5.9588300537E-01    2.2012671052E+02    2.3559227944E+00    9.0025414611E-01    6.8855171685E+00    2.9937031168E+00
    5.9704522361E-01    2.2055604862E+02    2.3490423540E+00    8.9911007946E-01    6.8848301276E+00    2.9934044033E+00
    5.9820744186E-01    2.2098538672E+02    2.3421827074E+00    8.9796758334E-01    6.8841105115E+00    2.9930915268E+00
    5.9936966011E-01    2.2141472483E+02    2.3353438229E+00    8.9682666098E-01    6.8833567858E+00    2.9927638199E+00
    6.0053187835E-01    2.2184406293E+02    2.3285256702E+00    8.9568731585E-01    6.8825673441E+00    2.9924205844E+00
    6.0169409660E-01    2.2227340103E+02    2.3217282203E+00    8.9454955167E-01    6.8817405053E+00    2.9920610893E+00
    6.0285631485E-01    2.2270273914E+02    2.3149514458E+00    8.9341337238E-01    6.8808745098E+00    2.9916845695E+00
    6.0401853309E-01    2.2313207724E+02    2.3081953207E+00    8.9227878224E-01    6.8799675160E+00    2.9912902243E+00
    6.0518075134E-01    2.2356141535E+02    2.3014598208E+00    8.9114578576E-01    6.8790175966E+00    2.9908772159E+00
    6.0634296959E-01    2.2399075345E+02    2.2947449232E+00    8.9001438774E-01    6.8780227349E+00    2.9904446674E+00
    6.0750518784E-01    2.2442009155E+02    2.2880506072E+00    8.8888459330E-01    6.8769808205E+00    2.9899916611E+00
    6.0866740608E-01    2.2484942966E+02    2.2813768535E+00    8.8775640788E-01    6.8758896451E+00    2.9895172370E+00
    6.0982962433E-01    2.2527876776E+02    2.2747236448E+00    8.8662983724E-01    6.8747468981E+00    2.9890203905E+00
    6.1099184258E-01    2.2570810586E+02    2.2680909657E+00    8.8550488751E-01    6.8735501624E+00    2.9885000706E+00
    6.1215406082E-01    2.2613744397E+02    2.2614788029E+00    8.8438156515E-01    6.8722969091E+00    2.9879551779E+00
    6.1331627907E-01    2.2656678207E+02    2.2548871451E+00    8.8325987703E-01    6.8709844927E+00    2.9873845621E+00
    6.1447849732E-01    2.2699612018E+02    2.2483159832E+00    8.8213983042E-01    6.8696101460E+00    2.9867870200E+00
    6.1564071556E-01    2.2742545828E+02    2.2417653103E+00    8.8102143298E-01    6.8681709748E+00    2.9861612934E+00
    6.1680293381E-01    2.2785479638E+02    2.2352351218E+00    8.7990469283E-01    6.8666639518E+00    2.9855060660E+00
    6.1796515206E-01    2.2828413449E+02    2.2287254156E+00    8.7878961852E-01    6.8650859116E+00    2.9848199616E+00
    6.1912737030E-01    2.2871347259E+02    2.2222361922E+00    8.7767621908E-01    6.8634335438E+00    2.9841015408E+00
    6.2028958855E-01    2.2914281069E+02    2.2157674546E+00    8.7656450405E-01    6.8617033871E+00    2.9833492988E+00
    6.2145180680E-01    2.2957214880E+02    2.2093192087E+00    8.7545448345E-01    6.8598918229E+00    2.9825616621E+00
    6.2261402504E-01    2.3000148690E+02    2.2028914629E+00    8.7434616788E-01    6.8579950681E+00    2.9817369861E+00
    6.2377624329E-01    2.3043082501E+02    2.1964842289E+00    8.7323956846E-01    6.8560091683E+00    2.9808735514E+00
    6.2493846154E-01    2.3086016311E+02    2.1900975214E+00    8.7213469692E-01    6.8539299904E+00    2.9799695610E+00
    6.2610067979E-01    2.3128950121E+02    2.1837313580E+00    8.7103156561E-01    6.8517532150E+00    2.9790231370E+00
    6.2726289803E-01    2.3171883932E+02    2.1773857601E+00    8.6993018748E-01    6.8494743286E+00    2.9780323168E+00
    6.2842511628E-01    2.3214817742E+02    2.1710607520E+00    8.6883057619E-01    6.8470886154E+00    2.9769950502E+00
    6.2958733453E-01    2.3257751552E+02    2.1647563621E+00    8.6773274605E-01    6.8445911487E+00    2.9759091951E+00
    6.3074955277E-01    2.3300685363E+02    2.1584726222E+00    8.6663671214E-01    6.8419767825E+00    2.9747725141E+00
    6.3191177102E-01    2.3343619173E+02    2.1522095680E+00    8.6554249026E-01    6.8392401422E+00    2.9735826705E+00
    6.3307398927E-01    2.3386552984E+02    2.1459672393E+00    8.6445009700E-01    6.8363756154E+00    2.9723372241E+00
    6.3423620751E-01    2.3429486794E+02    2.1397456801E+00    8.6335954979E-01    6.8333773422E+00    2.9710336270E+00
    6.3539842576E-01    2.3472420604E+02    2.1335449386E+00    8.6227086691E-01    6.8302392054E+00    2.9696692197E+00
    6.3656064401E-01    2.3515354415E+02    2.1273650676E+00    8.6118406751E-01    6.8269548201E+00    2.9682412261E+00
    6.3772286225E-01    2.3558288225E+02    2.1212061246E+00    8.6009917169E-01    6.8235175234E+00    2.9667467493E+00
    6.3888508050E-01    2.3601222035E+02    2.1150681719E+00    8.5901620052E-01    6.8199203634E+00    2.9651827667E+00
    6.4004729875E-01    2.3644155846E+02    2.1089512770E+00    8.5793517607E-01    6.8161560881E+00    2.9635461253E+00
    6.4120951699E-01    2.3687089656E+02    2.1028555125E+00    8.5685612146E-01    6.8122171342E+00    2.9618335366E+00
    6.4237173524E-01    2.3730023467E+02    2.0967809564E+00    8.5577906091E-01    6.8080956150E+00    2.9600415718E+00
    6.4353395349E-01    2.3772957277E+02    2.0907276925E+00    8.5470401977E-01    6.8037833091E+00    2.9581666561E+00
    6.4469617174E-01    2.3815891087E+02    2.0846958104E+00    8.5363102459E-01    6.7992716473E+00    2.9562050641E+00
    6.4585838998E-01    2.3858824898E+02    2.0786854057E+00    8.5256010313E-01    6.7945517012E+00    2.9541529136E+00
    6.4702060823E-01    2.3901758708E+02    2.0726965805E+00    8.5149128445E-01    6.7896141695E+00    2.9520061607E+00
    6.4818282648E-01    2.3944692519E+02    2.0667294434E+00    8.5042459894E-01    6.7844493660E+00    2.9497605939E+00
    6.4934504472E-01    2.3987626329E+02    2.0607841096E+00    8.4936007839E-01    6.7790472059E+00    2.9474118287E+00
    6.5050726297E-01    2.4030560139E+02    2.0548607015E+00    8.4829775599E-01    6.7733971929E+00    2.9449553013E+00
    6.5166948122E-01    2.4073493950E+02    2.0489593488E+00    8.4723766649E-01    6.7674884057E+00    2.9423862634E+00
    6.5283169946E-01    2.4116427760E+02    2.0430801887E+00    8.4617984613E-01    6.7613094848E+00    2.9396997760E+00
    6.5399391771E-01    2.4159361570E+02    2.0372233662E+00    8.4512433282E-01    6.7548486188E+00    2.9368907038E+00
    6.5515613596E-01    2.4202295381E+02    2.0313890345E+00    8.4407116612E-01    6.7480935311E+00    2.9339537092E+00
    6.5631835420E-01    2.4245229191E+02    2.0255773550E+00    8.4302038732E-01    6.7410314665E+00    2.9308832463E+00
    6.5748057245E-01    2.4288163002E+02    2.0197884980E+00    8.4197203955E-01    6.7336491777E+00    2.9276735555E+00
    6.5864279070E-01    2.4331096812E+02    2.0140226425E+00    8.4092616777E-01    6.7259329126E+00    2.9243186577E+00
    6.5980500894E-01    2.4374030622E+02    2.0082799769E+00    8.3988281890E-01    6.7178684010E+00    2.9208123483E+00
    6.6096722719E-01    2.4416964433E+02    2.0025606992E+00    8.3884204187E-01    6.7094408425E+00    2.9171481924E+00
    6.6212944544E-01    2.4459898243E+02    1.9968650172E+00    8.3780388767E-01    6.7006348939E+00    2.9133195191E+00
    6.6329166369E-01    2.4502832053E+02    1.9911931488E+00    8.3676840947E-01    6.6914346583E+00    2.9093194166E+00
    6.6445388193E-01    2.4545765864E+02    1.9855453226E+00    8.3573566263E-01    6.6818236735E+00    2.9051407276E+00
    6.6561610018E-01    2.4588699674E+02    1.9799217780E+00    8.3470570483E-01    6.6717849021E+00    2.9007760444E+00
    6.6677831843E-01    2.4631633485E+02    1.9743227654E+00    8.3367859610E-01    6.6613007223E+00    2.8962177053E+00
    6.6794053667E-01    2.4674567295E+02    1.9687485467E+00    8.3265439895E-01    6.6503529191E+00    2.8914577909E+00
    6.6910275492E-01    2.4717501105E+02    1.9631993957E+00    8.3163317839E-01    6.6389226775E+00    2.8864881206E+00
    6.7026497317E-01    2.4760434916E+02    1.9576755984E+00    8.3061500205E-01    6.6269905764E+00    2.8813002506E+00
    6.7142719141E-01    2.4803368726E+02    1.9521774531E+00    8.2959994024E-01    6.6145365843E+00    2.8758854715E+00
    6.7258940966E-01    2.4846302536E+02    1.9467052710E+00    8.2858806600E-01    6.6015400566E+00    2.8702348072E+00
    6.7375162791E-01    2.4889236347E+02    1.9412593763E+00    8.2757945526E-01    6.5879797344E+00    2.8643390150E+00
    6.7491384615E-01    2.4932170157E+02    1.9358401067E+00    8.2657418681E-01    6.5738337460E+00    2.8581885852E+00
    6.7607606440E-01    2.4975103968E+02    1.9304478137E+00    8.2557234248E-01    6.5590796102E+00    2.8517737436E+00
    6.7723828265E-01    2.5018037778E+02    1.9250828627E+00    8.2457400713E-01    6.5436942421E+00    2.8450844531E+00
    6.7840050089E-01    2.5060971588E+02    1.9197456335E+00    8.2357926877E-01    6.5276539624E+00    2.8381104184E+00
    6.7956271914E-01    2.5103905399E+02    1.9144365206E+00    8.2258821863E-01    6.5109345083E+00    2.8308410906E+00
    6.8072493739E-01    2.5146839209E+02    1.9091559333E+00    8.2160095121E-01    6.4935110495E+00    2.8232656737E+00
    6.8188715564E-01    2.5189773019E+02    1.9039042960E+00    8.2061756437E-01    6.4753582059E+00    2.8153731330E+00
    6.8304937388E-01    2.5232706830E+02    1.8986820485E+00    8.1963815938E-01    6.4564500709E+00    2.8071522047E+00
    6.8421159213E-01    2.5275640640E+02    1.8934896463E+00    8.1866284098E-01    6.4367602372E+00    2.7985914075E+00
    6.8537381038E-01    2.5318574451E+02    1.8883275604E+00    8.1769171743E-01    6.4162618288E+00    2.7896790560E+00
    6.8653602862E-01    2.5361508261E+02    1.8831962779E+00    8.1672490057E-01    6.3949275359E+00    2.7804032765E+00
    6.8769824687E-01    2.5404442071E+02    1.8780963021E+00    8.1576250588E-01    6.3727296569E+00    2.7707520247E+00
    6.8886046512E-01    2.5447375882E+02    1.8730281521E+00    8.1480465246E-01    6.3496401436E+00    2.7607131059E+00
    6.9002268336E-01    2.5490309692E+02    1.8679923635E+00    8.1385146314E-01    6.3256306543E+00    2.7502741975E+00
    6.9118490161E-01    2.5533243502E+02    1.8629894881E+00    8.1290306443E-01    6.3006726111E+00    2.7394228744E+00
    6.9234711986E-01    2.5576177313E+02    1.8580200937E+00    8.1195958658E-01    6.2747372645E+00    2.7281466367E+00
    6.9350933810E-01    2.5619111123E+02    1.8530847644E+00    8.1102116356E-01    6.2477957644E+00    2.7164329410E+00
    6.9467155635E-01    2.5662044934E+02    1.8481841003E+00    8.1008793309E-01    6.2198192376E+00    2.7042692337E+00
    6.9583377460E-01    2.5704978744E+02    1.8433187173E+00    8.0916003654E-01    6.1907788725E+00    2.6916429881E+00
    6.9699599284E-01    2.5747912554E+02    1.8384892469E+00    8.0823761900E-01    6.1606460116E+00    2.6785417442E+00
    6.9815821109E-01    2.5790846365E+02    1.8336963358E+00    8.0732082916E-01    6.1293922499E+00    2.6649531521E+00
    6.9932042934E-01    2.5833780175E+02    1.8289406457E+00    8.0640981929E-01    6.0969895428E+00    2.6508650186E+00
    7.0048264758E-01    2.5876713985E+02    1.8242228526E+00    8.0550474515E-01    6.0634103199E+00    2.6362653565E+00
    7.0164486583E-01    2.5919647796E+02    1.8195436466E+00    8.0460576590E-01    6.0286276069E+00    2.6211424378E+00
    7.0280708408E-01    2.5962581606E+02    1.8149037310E+00    8.0371304400E-01    5.9926151554E+00    2.6054848502E+00
    7.0396930233E-01    2.6005515417E+02    1.8103038218E+00    8.0282674507E-01    5.9553475796E+00    2.5892815563E+00
    7.0513152057E-01    2.6048449227E+02    1.8057446467E+00    8.0194703777E-01    5.9168004997E+00    2.5725219564E+00
    7.0629373882E-01    2.6091383037E+02    1.8012269445E+00    8.0107409359E-01    5.8769506929E+00    2.5551959535E+00
    7.0745595707E-01    2.6134316848E+02    1.7967514639E+00    8.0020808671E-01    5.8357762505E+00    2.5372940220E+00
    7.0861817531E-01    2.6177250658E+02    1.7923189626E+00    7.9934919377E-01    5.7932567399E+00    2.5188072782E+00
    7.0978039356E-01    2.6220184468E+02    1.7879302060E+00    7.9849759363E-01    5.7493733732E+00    2.4997275536E+00
    7.1094261181E-01    2.6263118279E+02    1.7835859659E+00    7.9765346714E-01    5.7041091790E+00    2.4800474691E+00
    7.1210483005E-01    2.6306052089E+02    1.7792870193E+00    7.9681699685E-01    5.6574491781E+00    2.4597605122E+00
    7.1326704830E-01    2.6348985900E+02    1.7750341468E+00    7.9598836670E-01    5.6093805620E+00    2.4388611139E+00
    7.1442926655E-01    2.6391919710E+02    1.7708281311E+00    7.9516776172E-01    5.5598928721E+00    2.4173447270E+00
    7.1559148479E-01    2.6434853520E+02    1.7666697552E+00    7.9435536766E-01    5.5089781791E+00    2.3952079040E+00
    7.1675370304E-01    2.6477787331E+02    1.7625598006E+00    7.9355137064E-01    5.4566312617E+00    2.3724483746E+00
    7.1791592129E-01    2.6520721141E+02    1.7584990454E+00    7.9275595675E-01    5.4028497812E+00    2.3490651223E+00
    7.1907813953E-01    2.6563654951E+02    1.7544882626E+00    7.9196931161E-01    5.3476344530E+00    2.3250584578E+00
    7.2024035778E-01    2.6606588762E+02    1.7505282177E+00    7.9119161998E-01    5.2909892103E+00    2.3004300914E+00
    7.2140257603E-01    2.6649522572E+02    1.7466196666E+00    7.9042306525E-01    5.2329213615E+00    2.2751832007E+00
    7.2256479428E-01    2.6692456383E+02    1.7427633534E+00    7.8966382901E-01    5.1734417363E+00    2.2493224940E+00
    7.2372701252E-01    2.6735390193E+02    1.7389600082E+00    7.8891409053E-01    5.1125648205E+00    2.2228542698E+00
    7.2488923077E-01    2.6778324003E+02    1.7352103447E+00    7.8817402624E-01    5.0503088770E+00    2.1957864682E+00
    7.2605144902E-01    2.6821257814E+02    1.7315150576E+00    7.8744380925E-01    4.9866960510E+00    2.1681287178E+00
    7.2721366726E-01    2.6864191624E+02    1.7278748202E+00    7.8672360877E-01    4.9217524575E+00    2.1398923728E+00
    7.2837588551E-01    2.6907125434E+02    1.7242902823E+00    7.8601358960E-01    4.8555082494E+00    2.1110905432E+00
    7.2953810376E-01    2.6950059245E+02    1.7207620670E+00    7.8531391155E-01    4.7879976637E+00    2.0817381147E+00
    7.3070032200E-01    2.6992993055E+02    1.7172907691E+00    7.8462472895E-01    4.7192590459E+00    2.0518517591E+00
    7.3186254025E-01    2.7035926866E+02    1.7138769517E+00    7.8394619001E-01    4.6493348485E+00    2.0214499341E+00
    7.3302475850E-01    2.7078860676E+02    1.7105211446E+00    7.8327843636E-01    4.5782716050E+00    1.9905528717E+00
    7.3418697674E-01    2.7121794486E+02    1.7072238412E+00    7.8262160246E-01    4.5061198763E+00    1.9591825549E+00
    7.3534919499E-01    2.7164728297E+02    1.7039854969E+00    7.8197581511E-01    4.4329341700E+00    1.9273626826E+00
    7.3651141324E-01    2.7207662107E+02    1.7008065261E+00    7.8134119291E-01    4.3587728311E+00    1.8951186222E+00
    7.3767363148E-01    2.7250595917E+02    1.6976873009E+00    7.8071784578E-01    4.2836979048E+00    1.8624773499E+00
    7.3883584973E-01    2.7293529728E+02    1.6946281481E+00    7.8010587450E-01    4.2077749705E+00    1.8294673785E+00
    7.3999806798E-01    2.7336463538E+02    1.6916293485E+00    7.7950537025E-01    4.1310729487E+00    1.7961186734E+00
    7.4116028623E-01    2.7379397349E+02    1.6886911340E+00    7.7891641421E-01    4.0536638805E+00    1.7624625567E+00
    7.4232250447E-01    2.7422331159E+02    1.6858136870E+00    7.7833907719E-01    3.9756226812E+00    1.7285316005E+00
    7.4348472272E-01    2.7465264969E+02    1.6829971383E+00    7.7777341927E-01    3.8970268704E+00    1.6943595089E+00
    7.4464694097E-01    2.7508198780E+02    1.6802415665E+00    7.7721948952E-01    3.8179562786E+00    1.6599809907E+00
    7.4580915921E-01    2.7551132590E+02    1.6775469966E+00    7.7667732571E-01    3.7384927350E+00    1.6254316239E+00
    7.4697137746E-01    2.7594066400E+02    1.6749133994E+00    7.7614695412E-01    3.6587197359E+00    1.5907477112E+00
    7.4813359571E-01    2.7637000211E+02    1.6723406909E+00    7.7562838939E-01    3.5787220999E+00    1.5559661304E+00
    7.4929581395E-01    2.7679934021E+02    1.6698287321E+00    7.7512163434E-01    3.4985856103E+00    1.5211241784E+00
    7.5045803220E-01    2.7722867832E+02    1.6673773287E+00    7.7462667997E-01    3.4183966482E+00    1.4862594123E+00
    7.5162025045E-01    2.7765801642E+02    1.6649862315E+00    7.7414350541E-01    3.3382418216E+00    1.4514094876E+00
    7.5278246869E-01    2.7808735452E+02    1.6626551365E+00    7.7367207794E-01    3.2582075908E+00    1.4166119960E+00
    7.5394468694E-01    2.7851669263E+02    1.6603836859E+00    7.7321235310E-01    3.1783798965E+00    1.3819043028E+00
    7.5510690519E-01    2.7894603073E+02    1.6581714685E+00    7.7276427480E-01    3.0988437917E+00    1.3473233877E+00
    7.5626912343E-01    2.7937536883E+02    1.6560180209E+00    7.7232777552E-01    3.0196830822E+00    1.3129056879E+00
    7.5743134168E-01    2.7980470694E+02    1.6539228292E+00    7.7190277653E-01    2.9409799784E+00    1.2786869472E+00
    7.5859355993E-01    2.8023404504E+02    1.6518853296E+00    7.7148918817E-01    2.8628147609E+00    1.2447020700E+00
    7.5975577818E-01    2.8066338315E+02    1.6499049111E+00    7.7108691015E-01    2.7852654638E+00    1.2109849843E+00
    7.6091799642E-01    2.8109272125E+02    1.6479809165E+00    7.7069583193E-01    2.7084075774E+00    1.1775685119E+00
    7.6208021467E-01    2.8152205935E+02    1.6461126447E+00    7.7031583311E-01    2.6323137730E+00    1.1444842491E+00
    7.6324243292E-01    2.8195139746E+02    1.6442993532E+00    7.6994678386E-01    2.5570536512E+00    1.1117624570E+00
    7.6440465116E-01    2.8238073556E+02    1.6425402597E+00    7.6958854536E-01    2.4826935161E+00    1.0794319635E+00
    7.6556686941E-01    2.8281007366E+02    1.6408345452E+00    7.6924097031E-01    2.4092961763E+00    1.0475200767E+00
    7.6672908766E-01    2.8323941177E+02    1.6391813560E+00    7.6890390346E-01    2.3369207729E+00    1.0160525099E+00
    7.6789130590E-01    2.8366874987E+02    1.6375798065E+00    7.6857718208E-01    2.2656226362E+00    9.8505332007E-01
    7.6905352415E-01    2.8409808798E+02    1.6360289818E+00    7.6826063656E-01    2.1954531707E+00    9.5454485683E-01
    7.7021574240E-01    2.8452742608E+02    1.6345279402E+00    7.6795409095E-01    2.1264597684E+00    9.2454772537E-01
    7.7137796064E-01    2.8495676418E+02    1.6330757165E+00    7.6765736352E-01    2.0586857492E+00    8.9508076050E-01
    7.7254017889E-01    2.8538610229E+02    1.6316713237E+00    7.6737026732E-01    1.9921703292E+00    8.6616101270E-01
    7.7370239714E-01    2.8581544039E+02    1.6303137567E+00    7.6709261080E-01    1.9269486146E+00    8.3780374549E-01
    7.7486461538E-01    2.8624477849E+02    1.6290019944E+00    7.6682419832E-01    1.8630516201E+00    8.1002244351E-01
    7.7602683363E-01    2.8667411660E+02    1.6277350024E+00    7.6656483073E-01    1.8005063108E+00    7.8282883079E-01
    7.7718905188E-01    2.8710345470E+02    1.6265117359E+00    7.6631430594E-01    1.7393356661E+00    7.5623289833E-01
    7.7835127013E-01    2.8753279281E+02    1.6253311417E+00    7.6607241944E-01    1.6795587630E+00    7.3024294045E-01
    7.7951348837E-01    2.8796213091E+02    1.6241921613E+00    7.6583896485E-01    1.6211908777E+00    7.0486559899E-01
    7.8067570662E-01    2.8839146901E+02    1.6230937326E+00    7.6561373439E-01    1.5642436033E+00    6.8010591447E-01
    7.8183792487E-01    2.8882080712E+02    1.6220347926E+00    7.6539651943E-01    1.5087249821E+00    6.5596738352E-01
    7.8300014311E-01    2.8925014522E+02    1.6210142793E+00    7.6518711090E-01    1.4546396496E+00    6.3245202156E-01
    7.8416236136E-01    2.8967948332E+02    1.6200311342E+00    7.6498529980E-01    1.4019889890E+00    6.0956043002E-01
    7.8532457961E-01    2.9010882143E+02    1.6190843037E+00    7.6479087758E-01    1.3507712946E+00    5.8729186723E-01
    7.8648679785E-01    2.9053815953E+02    1.6181727412E+00    7.6460363657E-01    1.3009819409E+00    5.6564432214E-01
    7.8764901610E-01    2.9096749764E+02    1.6172954088E+00    7.6442337036E-01    1.2526135575E+00    5.4461459020E-01
    7.8881123435E-01    2.9139683574E+02    1.6164512790E+00    7.6424987412E-01    1.2056562064E+00    5.2419835061E-01
    7.8997345259E-01    2.9182617384E+02    1.6156393360E+00    7.6408294498E-01    1.1600975618E+00    5.0439024428E-01
    7.9113567084E-01    2.9225551195E+02    1.6148585771E+00    7.6392238233E-01    1.1159230895E+00    4.8518395194E-01
    7.9229788909E-01    2.9268485005E+02    1.6141080139E+00    7.6376798805E-01    1.0731162250E+00    4.6657227176E-01
    7.9346010733E-01    2.9311418815E+02    1.6133866736E+00    7.6361956681E-01    1.0316585508E+00    4.4854719601E-01
    7.9462232558E-01    2.9354352626E+02    1.6126935999E+00    7.6347692629E-01    9.9152996848E-01    4.3109998630E-01
    7.9578454383E-01    2.9397286436E+02    1.6120278538E+00    7.6333987740E-01    9.5270886807E-01    4.1422124699E-01
    7.9694676208E-01    2.9440220247E+02    1.6113885145E+00    7.6320823443E-01    9.1517229177E-01    3.9790099642E-01
    7.9810898032E-01    2.9483154057E+02    1.6107746801E+00    7.6308181526E-01    8.7889609218E-01    3.8212873573E-01
    7.9927119857E-01    2.9526087867E+02    1.6101854680E+00    7.6296044144E-01    8.4385508422E-01    3.6689351488E-01
    8.0043341682E-01    2.9569021678E+02    1.6096200158E+00    7.6284393839E-01    8.1002319047E-01    3.5218399586E-01
    8.0159563506E-01    2.9611955488E+02    1.6090774812E+00    7.6273213543E-01    7.7737357942E-01    3.3798851279E-01
    8.0275785331E-01    2.9654889298E+02    1.6085570427E+00    7.6262486590E-01    7.4587879648E-01    3.2429512890E-01
    8.0392007156E-01    2.9697823109E+02    1.6080578996E+00    7.6252196721E-01    7.1551088752E-01    3.1109169023E-01
    8.0508228980E-01    2.9740756919E+02    1.6075792723E+00    7.6242328093E-01    6.8624151488E-01    2.9836587604E-01
    8.0624450805E-01    2.9783690730E+02    1.6071204025E+00    7.6232865274E-01    6.5804206584E-01    2.8610524602E-01
    8.0740672630E-01    2.9826624540E+02    1.6066805527E+00    7.6223793256E-01    6.3088375353E-01    2.7429728414E-01
    8.0856894454E-01    2.9869558350E+02    1.6062590071E+00    7.6215097447E-01    6.0473771052E-01    2.6292943936E-01
    8.0973116279E-01    2.9912492161E+02    1.6058550705E+00    7.6206763674E-01    5.7957507502E-01    2.5198916305E-01
    8.1089338104E-01    2.9955425971E+02    1.6054680688E+00    7.6198778180E-01    5.5536707009E-01    2.4146394352E-01
    8.1205559928E-01    2.9998359781E+02    1.6050973488E+00    7.6191127626E-01    5.3208507593E-01    2.3134133736E-01
    8.1321781753E-01    3.0041293592E+02    1.6047422776E+00    7.6183799080E-01    5.0970069562E-01    2.2160899810E-01
    8.1438003578E-01    3.0084227402E+02    1.6044022427E+00    7.6176780021E-01    4.8818581442E-01    2.1225470192E-01
    8.1554225403E-01    3.0127161213E+02    1.6040766517E+00    7.6170058324E-01    4.6751265306E-01    2.0326637090E-01
    8.1670447227E-01    3.0170095023E+02    1.6037649316E+00    7.6163622267E-01    4.4765381529E-01    1.9463209361E-01
    8.1786669052E-01    3.0213028833E+02    1.6034665290E+00    7.6157460511E-01    4.2858232993E-01    1.8634014345E-01
    8.1902890877E-01    3.0255962644E+02    1.6031809093E+00    7.6151562104E-01    4.1027168777E-01    1.7837899468E-01
    8.2019112701E-01    3.0298896454E+02    1.6029075565E+00    7.6145916468E-01    3.9269587366E-01    1.7073733637E-01
    8.2135334526E-01    3.0341830264E+02    1.6026459729E+00    7.6140513393E-01    3.7582939406E-01    1.6340408438E-01
    8.2251556351E-01    3.0384764075E+02    1.6023956782E+00    7.6135343030E-01    3.5964730039E-01    1.5636839147E-01
    8.2367778175E-01    3.0427697885E+02    1.6021562099E+00    7.6130395880E-01    3.4412520838E-01    1.4961965582E-01
    8.2484000000E-01    3.0470631696E+02    1.6019271221E+00    7.6125662788E-01    3.2923931391E-01    1.4314752779E-01
