Comparing "summit_gnu_cmake_512node_6ppn_6gpn_box-s2v96w128x1120y32z48_s2v4w64x1y1z6_bk1_cuth-pop-20200624-ht2/20200803_161319/stdout.txt.xz" and "summit_gnu_gmake_512node_42ppn_0gpn_box-s2v96w128x1120y32z48_s2v4w64x7y1z6_bk0_master-202006pop-ht2/20200803_160710/stdout.txt.xz"
Name                             # Calls             Time              % t_loop       % parent    
GENE                                   1       1    830.76  2038.94   1103.6   710.5    0.0   0.0
  gsub                                 1       1    830.76  2038.91   1103.6   710.5  100.0 100.0
    autopar                            1       1      4.52   978.20      6.0   340.9    0.5  48.0
      RK_standard                      0      24      0.00    68.02      0.0    23.7    0.0   7.0
        CalFRhs0                       0      96      0.00    42.18      0.0    14.7    0.0  62.0
          add_nl                       0    4608      0.00    24.04      0.0     8.4    0.0  57.0
            calc_nl                    0    4608      0.00    22.40      0.0     7.8    0.0  93.2
              mult_pre                 0    4608      0.00     0.45      0.0     0.2    0.0   2.0
              omultmax                 0    9216      0.00     0.32      0.0     0.1    0.0   1.4
          dApardt                      0    4608      0.00     0.00      0.0     0.0    0.0   0.0
          dchidxy                      0    4608      0.00     2.51      0.0     0.9    0.0   5.9
          dfdxy_h                      0    4608      0.00     2.24      0.0     0.8    0.0   5.3
          dgdxy                        0    4608      0.00     3.03      0.0     1.1    0.0   7.2
          dzv_ak                       0    4608      0.00     5.32      0.0     1.9    0.0  12.6
          fdi_fld                      0    4608      0.00     0.00      0.0     0.0    0.0   0.0
          fdi_g                        0    4608      0.00     0.00      0.0     0.0    0.0   0.0
          fdi_h                        0    4608      0.00     0.00      0.0     0.0    0.0   0.0
          ffld_nl                      0    4608      0.00     0.00      0.0     0.0    0.0   0.0
          fg_nl                        0    4608      0.00     0.00      0.0     0.0    0.0   0.0
          hypz_cmp                     0    4608      0.00     1.85      0.0     0.6    0.0   4.4
          kBuffer                      0    4608      0.00     0.45      0.0     0.2    0.0   1.1
          pfld_nl                      0    4608      0.00     0.00      0.0     0.0    0.0   0.0
          pr_fld                       0      96      0.00     0.00      0.0     0.0    0.0   0.0
          pr_g                         0      96      0.00     0.00      0.0     0.0    0.0   0.0
          pr_hf                        0      96      0.00     0.00      0.0     0.0    0.0   0.0
          prdi_fld                     0    4608      0.00     1.16      0.0     0.4    0.0   2.8
            ex_x                       0    4608      0.00     0.27      0.0     0.1    0.0  22.9
              ex_gen                   0    4608      0.00     0.26      0.0     0.1    0.0  98.9
          prdi_g                       0    4608      0.00     0.88      0.0     0.3    0.0   2.1
            blex_g                     0    4608      0.00     0.88      0.0     0.3    0.0  99.8
              ex_x                     0    4608      0.00     0.24      0.0     0.1    0.0  27.1
                ex_gen                 0    4608      0.00     0.24      0.0     0.1    0.0  99.2
          prdi_h                       0    4608      0.00     0.67      0.0     0.2    0.0   1.6
            blex_g                     0    4608      0.00     0.66      0.0     0.2    0.0  99.7
              ex_x                     0    4608      0.00     0.15      0.0     0.1    0.0  23.0
                ex_gen                 0    4608      0.00     0.15      0.0     0.1    0.0  98.0
          prg_nl                       0    4608      0.00     0.00      0.0     0.0    0.0   0.0
        calcaux                        0      96      0.00    22.70      0.0     7.9    0.0  33.4
          bar_emf                      0      96      0.00     1.59      0.0     0.6    0.0   7.0
            exz                        0     192      0.00     0.62      0.0     0.2    0.0  38.9
              ex_gen                   0     192      0.00     0.61      0.0     0.2    0.0  99.5
          calc_df1                     0      96      0.00     6.16      0.0     2.1    0.0  27.1
            ex_v                       0      96      0.00     2.58      0.0     0.9    0.0  42.0
              ex_gen                   0     180      0.00     2.58      0.0     0.9    0.0 100.0
            exz                        0     180      0.00     1.99      0.0     0.7    0.0  32.3
              ex_gen                   0     180      0.00     1.81      0.0     0.6    0.0  91.3
          ccdens                       0      96      0.00     6.54      0.0     2.3    0.0  28.8
            calc_moments               0      96      0.00     1.98      0.0     0.7    0.0  30.2
            sum_vwsp                   0      96      0.00     4.53      0.0     1.6    0.0  69.3
          fldsolve                     0      96      0.00     5.40      0.0     1.9    0.0  23.8
          h_from_f                     0      96      0.00     3.02      0.0     1.1    0.0  13.3
            exz                        0     192      0.00     0.04      0.0     0.0    0.0   1.3
              ex_gen                   0     192      0.00     0.03      0.0     0.0    0.0  85.0
      deriv_mat                        0       2      0.00     0.00      0.0     0.0    0.0   0.0
      fld_init                         0       8      0.00   825.10      0.0   287.5    0.0  84.3
        cal_prem                       0       1      0.00    22.93      0.0     8.0    0.0   2.8
          cp_p1                        0       1      0.00    22.93      0.0     8.0    0.0 100.0
          cp_p2                        0       1      0.00     0.00      0.0     0.0    0.0   0.0
        deriv_mat                      0       2      0.00     0.00      0.0     0.0    0.0   0.0
    initialization                     1       1    745.93   773.58    990.9   269.6   89.8  37.9
      deriv_mat                        2       2      0.00     0.00      0.0     0.0    0.0   0.0
      diag_exec                        1       1     13.89    26.39     18.5     9.2    1.9   3.4
        calc_moments                   1       1      3.36     0.75      4.5     0.3   24.2   2.8
        calcaux                        1       1      1.17     1.17      1.6     0.4    8.5   4.4
          bar_emf                      1       1      0.84     0.01      1.1     0.0   71.5   0.9
            ex_z                       1       0      0.82     0.00      1.1     0.0   98.0   0.0
            exz                        0       2      0.00     0.00      0.0     0.0    0.0   0.0
              ex_gen                   0       2      0.00     0.00      0.0     0.0    0.0   0.0
          calc_df1                     1       1      0.08     0.06      0.1     0.0    6.7   5.3
            ex_v                       1       1      0.01     0.03      0.0     0.0   17.7  43.5
              ex_gen                   0       2      0.00     0.03      0.0     0.0    0.0 100.0
            ex_z                       2       0      0.06     0.00      0.1     0.0   77.2   0.0
            exz                        0       2      0.00     0.02      0.0     0.0    0.0  30.6
              ex_gen                   0       2      0.00     0.02      0.0     0.0    0.0  89.5
          ccdens                       1       1      0.22     1.04      0.3     0.4   18.4  89.5
            calc_moments               0       1      0.00     1.04      0.0     0.4    0.0  99.5
            sum_vwsp                   1       1      0.15     0.00      0.2     0.0   68.1   0.4
          f_to_GPU                     1       0      0.00     0.00      0.0     0.0    0.0   0.0
          fldsolve                     1       1      0.04     0.05      0.1     0.0    3.5   4.3
            fldgathi                   2       0      0.01     0.00      0.0     0.0   12.2   0.0
            fldgathw                   1       0      0.03     0.00      0.0     0.0   78.0   0.0
        chpt_out                       1       1      5.60    22.55      7.4     7.9   40.3  85.4
        d_nrg                          1       1      1.01     0.63      1.3     0.2    7.3   2.4
          calc_moments                 0       1      0.00     0.06      0.0     0.0    0.0   9.8
      fld_init                         1       1    714.79   698.41    949.6   243.4   95.8  90.3
        cal_prem                       1       1     85.19    22.88    113.2     8.0   11.9   3.3
          cp_p1                        1       1     85.19    22.88    113.2     8.0  100.0 100.0
          cp_p2                        1       1      0.00     0.00      0.0     0.0    0.0   0.0
        deriv_mat                      2       2      0.00     0.00      0.0     0.0    0.0   0.0
      ftch_mom                         1       0      0.00     0.00      0.0     0.0    0.0   0.0
      inidiag                          1       1      0.99     3.74      1.3     1.3    0.1   0.5
    t_loop                             1       1     75.28   286.98    100.0   100.0    9.1  14.1
      RK_standard                     95      95     43.00   264.63     57.1    92.2   57.1  92.2
        CalFRhs0                     380     380     12.85   165.48     17.1    57.7   29.9  62.5
          add_nl                     380   18240      8.83    93.88     11.7    32.7   68.7  56.7
            calc_nl                  380   18240      7.77    89.99     10.3    31.4   88.0  95.9
              mult_pre                 0   18240      0.00     2.35      0.0     0.8    0.0   2.6
              omultmax                 0   36480      0.00     1.22      0.0     0.4    0.0   1.4
          dApardt                    380   18240      0.00     0.00      0.0     0.0    0.0   0.0
          dchidxy                    380   18240      0.82     9.95      1.1     3.5    6.4   6.0
          dfdxy_h                    380   18240      0.31     9.41      0.4     3.3    2.4   5.7
          dgdxy                      380   18240      0.82    11.66      1.1     4.1    6.4   7.0
          dzv_ak                     380   18240      0.64    19.82      0.8     6.9    5.0  12.0
          fdi_fld                    380   18240      0.00     0.00      0.0     0.0    0.0   0.0
          fdi_g                      380   18240      0.00     0.00      0.0     0.0    0.0   0.0
          fdi_h                      380   18240      0.00     0.00      0.0     0.0    0.0   0.0
          ffld_nl                    380   18240      0.00     0.00      0.0     0.0    0.0   0.0
          fg_nl                      380   18240      0.00     0.00      0.0     0.0    0.0   0.0
          hypz_cmp                   380   18240      0.31     7.14      0.4     2.5    2.4   4.3
          kBuffer                    380   18240      0.31     1.69      0.4     0.6    2.4   1.0
          pfld_nl                    380   18240      0.00     0.00      0.0     0.0    0.0   0.0
          pr_fld                     380     380      0.00     0.00      0.0     0.0    0.0   0.0
          pr_g                       380     380      0.00     0.00      0.0     0.0    0.0   0.0
          pr_hf                      380     380      0.00     0.00      0.0     0.0    0.0   0.0
          prdi_fld                   380   18240      0.33     5.13      0.4     1.8    2.6   3.1
            ex_x                     380   18240      0.03     1.17      0.0     0.4    7.8  22.8
              ex_gen                 380   18240      0.00     1.16      0.0     0.4    0.0  99.0
          prdi_g                     380   18240      0.24     3.30      0.3     1.2    1.8   2.0
            blex_g                   380   18240      0.24     3.29      0.3     1.1  100.0  99.6
              ex_x                   380   18240      0.02     0.84      0.0     0.3   10.2  25.7
                ex_gen               380   18240      0.00     0.84      0.0     0.3    0.0  99.1
          prdi_h                     380   18240      0.25     3.34      0.3     1.2    1.9   2.0
            blex_g                   380   18240      0.25     3.33      0.3     1.2  100.0  99.7
              ex_x                   380   18240      0.03     0.89      0.0     0.3   11.3  26.6
                ex_gen               380   18240      0.00     0.88      0.0     0.3    0.0  98.8
          prg_nl                     380   18240      0.00     0.00      0.0     0.0    0.0   0.0
        add_ks                       380       0      0.30     0.00      0.4     0.0    0.7   0.0
        calcaux                      380     380     29.10    86.41     38.7    30.1   67.7  32.7
          bar_emf                    380     380      0.69     6.03      0.9     2.1    2.4   7.0
            ex_z                     380       0      0.50     0.00      0.7     0.0   73.0   0.0
            exz                        0     760      0.00     2.19      0.0     0.8    0.0  36.4
              ex_gen                   0     760      0.00     2.18      0.0     0.8    0.0  99.5
          calc_df1                   380     380     12.98    23.92     17.2     8.3   44.6  27.7
            ex_v                     380     380     10.72    10.04     14.2     3.5   82.6  42.0
              ex_gen                   0     760      0.00    10.04      0.0     3.5    0.0 100.0
            ex_z                     760       0      1.95     0.00      2.6     0.0   15.0   0.0
            exz                        0     760      0.00     7.55      0.0     2.6    0.0  31.6
              ex_gen                   0     760      0.00     6.85      0.0     2.4    0.0  90.6
          ccdens                     380     380     11.43    23.35     15.2     8.1   39.3  27.0
            calc_moments               0     380      0.00     8.04      0.0     2.8    0.0  34.4
            sum_vwsp                 380     380     10.94    15.17     14.5     5.3   95.7  65.0
          f_to_GPU                   380       0      0.10     0.00      0.1     0.0    0.3   0.0
          fldsolve                   380     380      3.29    21.86      4.4     7.6   11.3  25.3
            fldgathi                 760       0      0.14     0.00      0.2     0.0    4.1   0.0
            fldgathw                 380       0      2.26     0.00      3.0     0.0   68.8   0.0
          h_from_f                   380     380      0.61    11.25      0.8     3.9    2.1  13.0
            exz                        0     760      0.00     0.17      0.0     0.1    0.0   1.5
              ex_gen                   0     760      0.00     0.15      0.0     0.1    0.0  88.4
        eRK_stage_1                   95       0     13.98     0.00     18.6     0.0   32.5   0.0
        eRK_stage_2                   95       0      9.25     0.00     12.3     0.0   21.5   0.0
        eRK_stage_3                   95       0      9.86     0.00     13.1     0.0   22.9   0.0
        eRK_stage_4                   95       0      9.83     0.00     13.1     0.0   22.9   0.0
        f_to_GPU                     380       0      0.09     0.00      0.1     0.0    0.2   0.0
        g_to_GPU                     760       0      0.11     0.00      0.2     0.0    0.3   0.0
        h_to_GPU                     380       0      0.10     0.00      0.1     0.0    0.2   0.0
        rhs_to_GPU                   380       0      0.06     0.00      0.1     0.0    0.1   0.0
        rkupd                        285       0      0.38     0.00      0.5     0.0    0.9   0.0
      diag_exec                      100     100      5.70     8.34      7.6     2.9    7.6   2.9
        calcaux                       10      10      0.69     2.04      0.9     0.7   12.2  24.5
          bar_emf                     10      10      0.04     0.18      0.1     0.1    5.9   8.6
            ex_z                      10       0      0.04     0.00      0.0     0.0   87.8   0.0
            exz                        0      20      0.00     0.07      0.0     0.0    0.0  42.6
              ex_gen                   0      20      0.00     0.07      0.0     0.0    0.0 100.0
          calc_df1                    10      10      0.35     0.64      0.5     0.2   50.2  31.2
            ex_v                      10      10      0.28     0.27      0.4     0.1   81.6  42.4
              ex_gen                   0      20      0.00     0.27      0.0     0.1    0.0 100.0
            ex_z                      20       0      0.06     0.00      0.1     0.0   15.8   0.0
            exz                        0      20      0.00     0.20      0.0     0.1    0.0  30.6
              ex_gen                   0      20      0.00     0.18      0.0     0.1    0.0  90.8
          ccdens                      10      10      0.22     0.65      0.3     0.2   32.0  31.7
            calc_moments               0      10      0.00     0.20      0.0     0.1    0.0  31.7
            sum_vwsp                  10      10      0.21     0.44      0.3     0.2   94.1  67.9
          f_to_GPU                    10       0      0.00     0.00      0.0     0.0    0.4   0.0
          fldsolve                    10      10      0.08     0.58      0.1     0.2   11.5  28.6
            fldgathi                  20       0      0.00     0.00      0.0     0.0    3.8   0.0
            fldgathw                  10       0      0.05     0.00      0.1     0.0   67.5   0.0
        d_nrg                         10      10      4.91     6.22      6.5     2.2   86.2  74.6
          calc_moments                 0      10      0.00     0.62      0.0     0.2    0.0  10.0
      ts1                              1       1     21.96     2.76     29.2     1.0   29.2   1.0
        RK_standard                    1       1     21.96     2.76     29.2     1.0  100.0 100.0
          CalFRhs0                     4       4     11.27     1.75     15.0     0.6   51.3  63.2
            add_nl                     4     192      1.94     0.98      2.6     0.3   17.2  56.0
              calc_nl                  4     192      1.18     0.94      1.6     0.3   60.7  96.6
                mult_pre               0     192      0.00     0.03      0.0     0.0    0.0   2.9
                omultmax               0     384      0.00     0.01      0.0     0.0    0.0   1.3
            dApardt                    4     192      0.00     0.00      0.0     0.0    0.0   0.0
            dchidxy                    4     192      0.04     0.10      0.1     0.0    0.4   6.0
            dfdxy_h                    4     192      0.00     0.10      0.0     0.0    0.0   5.7
            dgdxy                      4     192      4.63     0.12      6.1     0.0   41.0   7.1
            dzv_ak                     4     192      2.28     0.22      3.0     0.1   20.2  12.4
            fdi_fld                    4     192      0.00     0.00      0.0     0.0    0.0   0.0
            fdi_g                      4     192      0.00     0.00      0.0     0.0    0.0   0.0
            fdi_h                      4     192      0.00     0.00      0.0     0.0    0.0   0.0
            ffld_nl                    4     192      0.00     0.00      0.0     0.0    0.0   0.0
            fg_nl                      4     192      0.00     0.00      0.0     0.0    0.0   0.0
            hypz_cmp                   4     192      0.01     0.08      0.0     0.0    0.1   4.4
            kBuffer                    4     192      0.00     0.02      0.0     0.0    0.0   1.0
            pfld_nl                    4     192      0.00     0.00      0.0     0.0    0.0   0.0
            pr_fld                     4       4      0.00     0.00      0.0     0.0    0.0   0.0
            pr_g                       4       4      0.00     0.00      0.0     0.0    0.0   0.0
            pr_hf                      4       4      0.00     0.00      0.0     0.0    0.0   0.0
            prdi_fld                   4     192      0.06     0.06      0.1     0.0    0.5   3.2
              ex_x                     4     192      0.00     0.01      0.0     0.0    0.0  18.2
                ex_gen                 4     192      0.00     0.01      0.0     0.0    0.0 100.0
            prdi_g                     4     192      2.23     0.04      3.0     0.0   19.8   2.1
              blex_g                   4     192      2.23     0.04      3.0     0.0  100.0 100.0
                ex_x                   4     192      0.00     0.01      0.0     0.0    0.0  22.2
                  ex_gen               4     192      0.00     0.01      0.0     0.0    0.0 100.0
            prdi_h                     4     192      0.08     0.04      0.1     0.0    0.7   2.1
              blex_g                   4     192      0.08     0.04      0.1     0.0  100.0  97.3
                ex_x                   4     192      0.00     0.01      0.0     0.0    0.0  25.0
                  ex_gen               4     192      0.00     0.01      0.0     0.0    0.0 100.0
            prg_nl                     4     192      0.00     0.00      0.0     0.0    0.0   0.0
          add_ks                       4       0      0.00     0.00      0.0     0.0    0.0   0.0
          calcaux                      4       4      8.50     0.88     11.3     0.3   38.7  31.9
            bar_emf                    4       4      0.40     0.06      0.5     0.0    4.7   7.0
              ex_z                     4       0      0.39     0.00      0.5     0.0   99.2   0.0
              exz                      0       8      0.00     0.02      0.0     0.0    0.0  33.9
                ex_gen                 0       8      0.00     0.02      0.0     0.0    0.0 100.0
            calc_df1                   4       4      0.25     0.25      0.3     0.1    3.0  28.3
              ex_v                     4       4      0.23     0.10      0.3     0.0   90.9  41.4
                ex_gen                 0       8      0.00     0.10      0.0     0.0    0.0 100.0
              ex_z                     8       0      0.02     0.00      0.0     0.0    7.1   0.0
              exz                      0       8      0.00     0.08      0.0     0.0    0.0  31.7
                ex_gen                 0       8      0.00     0.07      0.0     0.0    0.0  89.9
            ccdens                     4       4      7.67     0.22     10.2     0.1   90.2  24.9
              calc_moments             0       4      0.00     0.09      0.0     0.0    0.0  38.8
              sum_vwsp                 4       4      7.59     0.13     10.1     0.0   98.9  60.3
            f_to_GPU                   4       0      0.00     0.00      0.0     0.0    0.0   0.0
            fldsolve                   4       4      0.12     0.23      0.2     0.1    1.4  26.2
              fldgathi                 8       0      0.00     0.00      0.0     0.0    2.5   0.0
              fldgathw                 4       0      0.10     0.00      0.1     0.0   87.4   0.0
            h_from_f                   4       4      0.06     0.12      0.1     0.0    0.7  13.5
              exz                      0       8      0.00     0.00      0.0     0.0    0.0   1.7
                ex_gen                 0       8      0.00     0.00      0.0     0.0    0.0  50.0
          eRK_stage_1                  1       0      2.44     0.00      3.2     0.0   11.1   0.0
          eRK_stage_2                  1       0     14.16     0.00     18.8     0.0   64.5   0.0
          eRK_stage_3                  1       0      5.16     0.00      6.9     0.0   23.5   0.0
          eRK_stage_4                  1       0      0.21     0.00      0.3     0.0    1.0   0.0
          f_to_GPU                     4       0      0.00     0.00      0.0     0.0    0.0   0.0
          g_to_GPU                     8       0      0.00     0.00      0.0     0.0    0.0   0.0
          h_to_GPU                     4       0      0.06     0.00      0.1     0.0    0.3   0.0
          rhs_to_GPU                   4       0      0.00     0.00      0.0     0.0    0.0   0.0
          rkupd                        3       0      2.13     0.00      2.8     0.0    9.7   0.0
      ts2to5                           4       4      4.42    11.15      5.9     3.9    5.9   3.9
        RK_standard                    4       4      4.42    11.15      5.9     3.9  100.0 100.0
          CalFRhs0                    16      16      3.20     6.96      4.2     2.4   72.4  62.4
            add_nl                    16     768      3.00     3.92      4.0     1.4   93.8  56.3
              calc_nl                 16     768      0.33     3.77      0.4     1.3   11.0  96.2
                mult_pre               0     768      0.00     0.10      0.0     0.0    0.0   2.8
                omultmax               0    1536      0.00     0.05      0.0     0.0    0.0   1.3
            dApardt                   16     768      0.00     0.00      0.0     0.0    0.0   0.0
            dchidxy                   16     768      0.04     0.42      0.0     0.1    1.1   6.0
            dfdxy_h                   16     768      0.01     0.40      0.0     0.1    0.4   5.7
            dgdxy                     16     768      0.07     0.50      0.1     0.2    2.1   7.1
            dzv_ak                    16     768      0.03     0.84      0.0     0.3    0.9  12.1
            fdi_fld                   16     768      0.00     0.00      0.0     0.0    0.0   0.0
            fdi_g                     16     768      0.00     0.00      0.0     0.0    0.0   0.0
            fdi_h                     16     768      0.00     0.00      0.0     0.0    0.0   0.0
            ffld_nl                   16     768      0.00     0.00      0.0     0.0    0.0   0.0
            fg_nl                     16     768      0.00     0.00      0.0     0.0    0.0   0.0
            hypz_cmp                  16     768      0.01     0.30      0.0     0.1    0.4   4.3
            kBuffer                   16     768      0.01     0.07      0.0     0.0    0.4   1.0
            pfld_nl                   16     768      0.00     0.00      0.0     0.0    0.0   0.0
            pr_fld                    16      16      0.00     0.00      0.0     0.0    0.0   0.0
            pr_g                      16      16      0.00     0.00      0.0     0.0    0.0   0.0
            pr_hf                     16      16      0.00     0.00      0.0     0.0    0.0   0.0
            prdi_fld                  16     768      0.01     0.22      0.0     0.1    0.4   3.1
              ex_x                    16     768      0.00     0.04      0.0     0.0    0.0  19.9
                ex_gen                16     768      0.00     0.04      0.0     0.0    0.0 100.0
            prdi_g                    16     768      0.01     0.14      0.0     0.1    0.4   2.1
              blex_g                  16     768      0.01     0.14      0.0     0.1  100.0 100.0
                ex_x                  16     768      0.00     0.04      0.0     0.0    0.0  25.7
                  ex_gen              16     768      0.00     0.04      0.0     0.0    0.0 100.0
            prdi_h                    16     768      0.01     0.14      0.0     0.1    0.4   2.1
              blex_g                  16     768      0.01     0.14      0.0     0.1  100.0 100.0
                ex_x                  16     768      0.00     0.04      0.0     0.0    0.0  25.5
                  ex_gen              16     768      0.00     0.04      0.0     0.0    0.0 100.0
            prg_nl                    16     768      0.00     0.00      0.0     0.0    0.0   0.0
          add_ks                      16       0      0.01     0.00      0.0     0.0    0.3   0.0
          calcaux                     16      16      1.18     3.64      1.6     1.3   26.6  32.7
            bar_emf                   16      16      0.06     0.24      0.1     0.1    5.1   6.5
              ex_z                    16       0      0.05     0.00      0.1     0.0   88.3   0.0
              exz                      0      32      0.00     0.08      0.0     0.0    0.0  32.4
                ex_gen                 0      32      0.00     0.08      0.0     0.0    0.0  98.7
            calc_df1                  16      16      0.54     1.00      0.7     0.3   45.6  27.5
              ex_v                    16      16      0.43     0.41      0.6     0.1   80.6  41.5
                ex_gen                 0      32      0.00     0.41      0.0     0.1    0.0 100.0
              ex_z                    32       0      0.09     0.00      0.1     0.0   17.0   0.0
              exz                      0      32      0.00     0.32      0.0     0.1    0.0  31.9
                ex_gen                 0      32      0.00     0.29      0.0     0.1    0.0  90.6
            ccdens                    16      16      0.42     1.01      0.6     0.4   35.6  27.8
              calc_moments             0      16      0.00     0.34      0.0     0.1    0.0  33.2
              sum_vwsp                16      16      0.40     0.67      0.5     0.2   94.7  66.2
            f_to_GPU                  16       0      0.00     0.00      0.0     0.0    0.3   0.0
            fldsolve                  16      16      0.13     0.92      0.2     0.3   11.1  25.1
              fldgathi                32       0      0.00     0.00      0.0     0.0    3.1   0.0
              fldgathw                16       0      0.09     0.00      0.1     0.0   66.9   0.0
            h_from_f                  16      16      0.02     0.47      0.0     0.2    2.0  13.0
              exz                      0      32      0.00     0.01      0.0     0.0    0.0   1.3
                ex_gen                 0      32      0.00     0.01      0.0     0.0    0.0  83.3
          eRK_stage_1                  4       0      3.18     0.00      4.2     0.0   72.1   0.0
          eRK_stage_2                  4       0      0.40     0.00      0.5     0.0    8.9   0.0
          eRK_stage_3                  4       0      0.42     0.00      0.6     0.0    9.6   0.0
          eRK_stage_4                  4       0      0.41     0.00      0.5     0.0    9.3   0.0
          f_to_GPU                    16       0      0.00     0.00      0.0     0.0    0.1   0.0
          g_to_GPU                    32       0      0.00     0.00      0.0     0.0    0.1   0.0
          h_to_GPU                    16       0      0.00     0.00      0.0     0.0    0.1   0.0
          rhs_to_GPU                  16       0      0.00     0.00      0.0     0.0    0.1   0.0
          rkupd                       12       0      0.01     0.00      0.0     0.0    0.3   0.0
    timeloop                           1       1     75.28   286.98    100.0   100.0    9.1  14.1
Comparing:  cuth-pop-20200624-ht2:512 master-202006pop-ht2:512
== ts1   ==
           : -ht2:512       -ht2:512
ts_avg     :    0.753    2.870 (0.3)
RK_standard:   21.964    2.762 (8.0)
CalFRhs0   :   11.272    1.746 (6.5)
calcaux    :    8.501    0.880 (9.7)

== ts2to5 ==
           : -ht2:512       -ht2:512
ts_avg     :    0.753    2.870 (0.3)
RK_standard:    4.417   11.150 (0.4)
CalFRhs0   :    3.197    6.961 (0.5)
calcaux    :    1.176    3.641 (0.3)

== ts6+  ==
           : -ht2:512       -ht2:512
ts_avg     :    0.753    2.870 (0.3)
RK_standard:   43.002  264.635 (0.2)
CalFRhs0   :   12.850  165.483 (0.1)
calcaux    :   29.100   86.411 (0.3)
