Comparing "summit_gnu_cmake_128node_6ppn_6gpn_box-s2v96w64x1120y32z24_s2v4w32x1y1z3_bk1_cuth-pop-20200624-ht/20200716_171649/stdout.txt.xz" and "summit_gnu_gmake_128node_42ppn_0gpn_box-s2v96w64x1120y32z24_s2v4w32x7y1z3_bk0_master-202006pop-ht/20200715_165112/stdout.txt.xz"
Name                             # Calls             Time              % t_loop       % parent    
GENE                                   1       1    848.20  1723.34    593.5   636.3    0.0   0.0
  gsub                                 1       1    848.19  1723.28    593.5   636.3  100.0 100.0
    autopar                            1       1      4.10   770.26      2.9   284.4    0.5  44.7
      RK_standard                      0      24      0.00    65.94      0.0    24.3    0.0   8.6
        CalFRhs0                       0      96      0.00    41.60      0.0    15.4    0.0  63.1
          add_nl                       0    4608      0.00    23.80      0.0     8.8    0.0  57.2
            calc_nl                    0    4608      0.00    22.61      0.0     8.3    0.0  95.0
              mult_pre                 0    4608      0.00     0.53      0.0     0.2    0.0   2.3
              omultmax                 0    9216      0.00     0.33      0.0     0.1    0.0   1.4
          dApardt                      0    4608      0.00     0.00      0.0     0.0    0.0   0.0
          dchidxy                      0    4608      0.00     2.53      0.0     0.9    0.0   6.1
          dfdxy_h                      0    4608      0.00     2.00      0.0     0.7    0.0   4.8
          dgdxy                        0    4608      0.00     2.87      0.0     1.1    0.0   6.9
          dzv_ak                       0    4608      0.00     5.25      0.0     1.9    0.0  12.6
          fdi_fld                      0    4608      0.00     0.00      0.0     0.0    0.0   0.0
          fdi_g                        0    4608      0.00     0.00      0.0     0.0    0.0   0.0
          fdi_h                        0    4608      0.00     0.00      0.0     0.0    0.0   0.0
          ffld_nl                      0    4608      0.00     0.00      0.0     0.0    0.0   0.0
          fg_nl                        0    4608      0.00     0.00      0.0     0.0    0.0   0.0
          hypz_cmp                     0    4608      0.00     1.81      0.0     0.7    0.0   4.4
          kBuffer                      0    4608      0.00     0.45      0.0     0.2    0.0   1.1
          pfld_nl                      0    4608      0.00     0.00      0.0     0.0    0.0   0.0
          pr_fld                       0      96      0.00     0.00      0.0     0.0    0.0   0.0
          pr_g                         0      96      0.00     0.00      0.0     0.0    0.0   0.0
          pr_hf                        0      96      0.00     0.00      0.0     0.0    0.0   0.0
          prdi_fld                     0    4608      0.00     1.17      0.0     0.4    0.0   2.8
            ex_x                       0    4608      0.00     0.27      0.0     0.1    0.0  22.7
              ex_gen                   0    4608      0.00     0.25      0.0     0.1    0.0  95.5
          prdi_g                       0    4608      0.00     0.80      0.0     0.3    0.0   1.9
            blex_g                     0    4608      0.00     0.79      0.0     0.3    0.0  99.6
              ex_x                     0    4608      0.00     0.12      0.0     0.0    0.0  14.6
                ex_gen                 0    4608      0.00     0.10      0.0     0.0    0.0  89.7
          prdi_h                       0    4608      0.00     0.89      0.0     0.3    0.0   2.1
            blex_g                     0    4608      0.00     0.88      0.0     0.3    0.0  99.8
              ex_x                     0    4608      0.00     0.39      0.0     0.1    0.0  44.1
                ex_gen                 0    4608      0.00     0.38      0.0     0.1    0.0  96.9
          prg_nl                       0    4608      0.00     0.00      0.0     0.0    0.0   0.0
        calcaux                        0      96      0.00    21.24      0.0     7.8    0.0  32.2
          bar_emf                      0      96      0.00     1.22      0.0     0.4    0.0   5.7
            exz                        0     192      0.00     0.27      0.0     0.1    0.0  22.4
              ex_gen                   0     192      0.00     0.27      0.0     0.1    0.0  98.5
          calc_df1                     0      96      0.00     4.35      0.0     1.6    0.0  20.5
            ex_v                       0      96      0.00     0.78      0.0     0.3    0.0  17.9
              ex_gen                   0     180      0.00     0.78      0.0     0.3    0.0 100.0
            exz                        0     168      0.00     1.98      0.0     0.7    0.0  45.4
              ex_gen                   0     168      0.00     1.78      0.0     0.7    0.0  90.1
          ccdens                       0      96      0.00     7.02      0.0     2.6    0.0  33.0
            calc_moments               0      96      0.00     1.94      0.0     0.7    0.0  27.6
            sum_vwsp                   0      96      0.00     5.04      0.0     1.9    0.0  71.8
          fldsolve                     0      96      0.00     5.46      0.0     2.0    0.0  25.7
          h_from_f                     0      96      0.00     3.20      0.0     1.2    0.0  15.1
            exz                        0     192      0.00     0.04      0.0     0.0    0.0   1.4
              ex_gen                   0     192      0.00     0.04      0.0     0.0    0.0  88.9
      deriv_mat                        0       2      0.00     0.00      0.0     0.0    0.0   0.0
      fld_init                         0       8      0.00   641.27      0.0   236.8    0.0  83.3
        cal_prem                       0       1      0.00    23.61      0.0     8.7    0.0   3.7
          cp_p1                        0       1      0.00    23.61      0.0     8.7    0.0 100.0
          cp_p2                        0       1      0.00     0.00      0.0     0.0    0.0   0.0
        deriv_mat                      0       2      0.00     0.00      0.0     0.0    0.0   0.0
    initialization                     1       1    696.65   682.09    487.4   251.8   82.1  39.6
      deriv_mat                        2       2      0.00     0.00      0.0     0.0    0.0   0.0
      diag_exec                        1       1     10.85     9.89      7.6     3.7    1.6   1.5
        calc_moments                   1       1      4.42     0.75      3.1     0.3   40.7   7.6
        calcaux                        1       1      0.30     0.13      0.2     0.0    2.7   1.3
          bar_emf                      1       1      0.06     0.01      0.0     0.0   18.9   8.3
            ex_z                       1       0      0.04     0.00      0.0     0.0   73.2   0.0
            exz                        0       2      0.00     0.00      0.0     0.0    0.0   0.0
              ex_gen                   0       2      0.00     0.00      0.0     0.0    0.0   0.0
          calc_df1                     1       1      0.12     0.05      0.1     0.0   41.4  36.4
            ex_v                       1       1      0.04     0.01      0.0     0.0   35.8  20.8
              ex_gen                   0       2      0.00     0.01      0.0     0.0    0.0 100.0
            ex_z                       1       0      0.07     0.00      0.1     0.0   61.0   0.0
            exz                        0       1      0.00     0.02      0.0     0.0    0.0  45.8
              ex_gen                   0       1      0.00     0.02      0.0     0.0    0.0  90.9
          ccdens                       1       1      0.07     0.02      0.1     0.0   24.6  18.2
            calc_moments               0       1      0.00     0.02      0.0     0.0    0.0  75.0
            sum_vwsp                   1       1      0.01     0.01      0.0     0.0   17.8  20.8
          f_to_GPU                     1       0      0.00     0.00      0.0     0.0    0.0   0.0
          fldsolve                     1       1      0.04     0.05      0.0     0.0   15.2  37.1
            fldgathi                   2       0      0.01     0.00      0.0     0.0   11.1   0.0
            fldgathw                   1       0      0.04     0.00      0.0     0.0   80.0   0.0
        chpt_out                       1       1      3.74     7.65      2.6     2.8   34.5  77.3
        d_nrg                          1       1      0.79     0.29      0.6     0.1    7.3   3.0
          calc_moments                 0       1      0.00     0.06      0.0     0.0    0.0  21.5
      fld_init                         1       1    668.70   638.49    467.9   235.7   96.0  93.6
        cal_prem                       1       1     86.17    23.06     60.3     8.5   12.9   3.6
          cp_p1                        1       1     86.17    23.06     60.3     8.5  100.0 100.0
          cp_p2                        1       1      0.00     0.00      0.0     0.0    0.0   0.0
        deriv_mat                      2       2      0.00     0.00      0.0     0.0    0.0   0.0
      ftch_mom                         1       0      0.00     0.00      0.0     0.0    0.0   0.0
      inidiag                          1       1      0.87     1.09      0.6     0.4    0.1   0.2
    t_loop                             1       1    142.92   270.85    100.0   100.0   16.8  15.7
      RK_standard                     95      95     39.63   252.54     27.7    93.2   27.7  93.2
        CalFRhs0                     380     380     13.07   160.15      9.1    59.1   33.0  63.4
          add_nl                     380   18240      9.04    91.98      6.3    34.0   69.2  57.4
            calc_nl                  380   18240      7.77    89.26      5.4    33.0   85.9  97.0
              mult_pre                 0   18240      0.00     2.22      0.0     0.8    0.0   2.5
              omultmax                 0   36480      0.00     1.28      0.0     0.5    0.0   1.4
          dApardt                    380   18240      0.00     0.00      0.0     0.0    0.0   0.0
          dchidxy                    380   18240      0.82     9.97      0.6     3.7    6.3   6.2
          dfdxy_h                    380   18240      0.31     5.50      0.2     2.0    2.4   3.4
          dgdxy                      380   18240      0.82    10.93      0.6     4.0    6.3   6.8
          dzv_ak                     380   18240      0.63    21.10      0.4     7.8    4.9  13.2
          fdi_fld                    380   18240      0.00     0.00      0.0     0.0    0.0   0.0
          fdi_g                      380   18240      0.00     0.00      0.0     0.0    0.0   0.0
          fdi_h                      380   18240      0.00     0.00      0.0     0.0    0.0   0.0
          ffld_nl                    380   18240      0.00     0.00      0.0     0.0    0.0   0.0
          fg_nl                      380   18240      0.00     0.00      0.0     0.0    0.0   0.0
          hypz_cmp                   380   18240      0.31     7.06      0.2     2.6    2.4   4.4
          kBuffer                    380   18240      0.31     1.76      0.2     0.7    2.3   1.1
          pfld_nl                    380   18240      0.00     0.00      0.0     0.0    0.0   0.0
          pr_fld                     380     380      0.00     0.00      0.0     0.0    0.0   0.0
          pr_g                       380     380      0.00     0.00      0.0     0.0    0.0   0.0
          pr_hf                      380     380      0.00     0.00      0.0     0.0    0.0   0.0
          prdi_fld                   380   18240      0.33     4.82      0.2     1.8    2.5   3.0
            ex_x                     380   18240      0.03     1.19      0.0     0.4    8.4  24.6
              ex_gen                 380   18240      0.00     1.15      0.0     0.4    0.0  96.7
          prdi_g                     380   18240      0.24     3.13      0.2     1.2    1.8   2.0
            blex_g                   380   18240      0.24     3.12      0.2     1.2  100.0  99.6
              ex_x                   380   18240      0.03     0.52      0.0     0.2   11.6  16.8
                ex_gen               380   18240      0.00     0.48      0.0     0.2    0.0  91.4
          prdi_h                     380   18240      0.25     3.74      0.2     1.4    1.9   2.3
            blex_g                   380   18240      0.24     3.73      0.2     1.4   99.6  99.7
              ex_x                   380   18240      0.03     1.61      0.0     0.6   11.4  43.2
                ex_gen               380   18240      0.00     1.57      0.0     0.6    0.0  97.5
          prg_nl                     380   18240      0.00     0.00      0.0     0.0    0.0   0.0
        add_ks                       380       0      0.30     0.00      0.2     0.0    0.8   0.0
        calcaux                      380     380     25.51    80.62     17.8    29.8   64.4  31.9
          bar_emf                    380     380      0.61     5.21      0.4     1.9    2.4   6.5
            ex_z                     380       0      0.43     0.00      0.3     0.0   70.2   0.0
            exz                        0     760      0.00     1.38      0.0     0.5    0.0  26.4
              ex_gen                   0     760      0.00     1.36      0.0     0.5    0.0  98.9
          calc_df1                   380     380      3.07    18.16      2.1     6.7   12.0  22.5
            ex_v                     380     380      1.31     3.04      0.9     1.1   42.6  16.7
              ex_gen                   0     760      0.00     3.04      0.0     1.1    0.0 100.0
            ex_z                     380       0      1.45     0.00      1.0     0.0   47.2   0.0
            exz                        0     380      0.00     8.98      0.0     3.3    0.0  49.5
              ex_gen                   0     380      0.00     8.24      0.0     3.0    0.0  91.8
          ccdens                     380     380     17.76    23.43     12.4     8.7   69.6  29.1
            calc_moments               0     380      0.00     7.50      0.0     2.8    0.0  32.0
            sum_vwsp                 380     380     17.27    15.79     12.1     5.8   97.3  67.4
          f_to_GPU                   380       0      0.10     0.00      0.1     0.0    0.4   0.0
          fldsolve                   380     380      3.35    21.64      2.3     8.0   13.1  26.8
            fldgathi                 760       0      0.14     0.00      0.1     0.0    4.1   0.0
            fldgathw                 380       0      2.33     0.00      1.6     0.0   69.6   0.0
          h_from_f                   380     380      0.61    12.16      0.4     4.5    2.4  15.1
            exz                        0     760      0.00     0.16      0.0     0.1    0.0   1.3
              ex_gen                   0     760      0.00     0.14      0.0     0.0    0.0  86.5
        eRK_stage_1                   95       0     16.51     0.00     11.6     0.0   41.7   0.0
        eRK_stage_2                   95       0      7.03     0.00      4.9     0.0   17.7   0.0
        eRK_stage_3                   95       0      8.00     0.00      5.6     0.0   20.2   0.0
        eRK_stage_4                   95       0      8.02     0.00      5.6     0.0   20.2   0.0
        f_to_GPU                     380       0      0.09     0.00      0.1     0.0    0.2   0.0
        g_to_GPU                     760       0      0.12     0.00      0.1     0.0    0.3   0.0
        h_to_GPU                     380       0      0.09     0.00      0.1     0.0    0.2   0.0
        rhs_to_GPU                   380       0      0.07     0.00      0.0     0.0    0.2   0.0
        rkupd                        285       0      0.38     0.00      0.3     0.0    1.0   0.0
      diag_exec                      100     100      7.31     4.95      5.1     1.8    5.1   1.8
        calcaux                       10      10      0.48     1.90      0.3     0.7    6.6  38.4
          bar_emf                     10      10      0.01     0.13      0.0     0.0    2.7   6.9
            ex_z                      10       0      0.01     0.00      0.0     0.0   61.5   0.0
            exz                        0      20      0.00     0.03      0.0     0.0    0.0  23.5
              ex_gen                   0      20      0.00     0.03      0.0     0.0    0.0 100.0
          calc_df1                    10      10      0.08     0.49      0.1     0.2   15.9  25.7
            ex_v                      10      10      0.03     0.09      0.0     0.0   40.3  17.6
              ex_gen                   0      20      0.00     0.09      0.0     0.0    0.0 100.0
            ex_z                      10       0      0.04     0.00      0.0     0.0   49.4   0.0
            exz                        0      10      0.00     0.23      0.0     0.1    0.0  48.2
              ex_gen                   0      10      0.00     0.21      0.0     0.1    0.0  91.5
          ccdens                      10      10      0.30     0.70      0.2     0.3   62.3  36.9
            calc_moments               0      10      0.00     0.20      0.0     0.1    0.0  27.9
            sum_vwsp                  10      10      0.29     0.50      0.2     0.2   95.7  71.5
          f_to_GPU                    10       0      0.00     0.00      0.0     0.0    0.6   0.0
          fldsolve                    10      10      0.09     0.58      0.1     0.2   18.6  30.4
            fldgathi                  20       0      0.00     0.00      0.0     0.0    3.3   0.0
            fldgathw                  10       0      0.06     0.00      0.0     0.0   71.1   0.0
        d_nrg                         10      10      6.70     2.96      4.7     1.1   91.7  59.7
          calc_moments                 0      10      0.00     0.62      0.0     0.2    0.0  20.9
      ts1                              1       1     77.45     2.65     54.2     1.0   54.2   1.0
        RK_standard                    1       1     77.45     2.65     54.2     1.0  100.0 100.0
          CalFRhs0                     4       4     34.59     1.69     24.2     0.6   44.7  63.7
            add_nl                     4     192      3.92     0.97      2.7     0.4   11.3  57.4
              calc_nl                  4     192      2.53     0.94      1.8     0.3   64.5  96.9
                mult_pre               0     192      0.00     0.03      0.0     0.0    0.0   2.7
                omultmax               0     384      0.00     0.01      0.0     0.0    0.0   1.4
            dApardt                    4     192      0.00     0.00      0.0     0.0    0.0   0.0
            dchidxy                    4     192      0.05     0.10      0.0     0.0    0.1   6.2
            dfdxy_h                    4     192      0.00     0.06      0.0     0.0    0.0   3.4
            dgdxy                      4     192     15.03     0.12     10.5     0.0   43.4   6.8
            dzv_ak                     4     192      7.70     0.22      5.4     0.1   22.3  13.3
            fdi_fld                    4     192      0.00     0.00      0.0     0.0    0.0   0.0
            fdi_g                      4     192      0.00     0.00      0.0     0.0    0.0   0.0
            fdi_h                      4     192      0.00     0.00      0.0     0.0    0.0   0.0
            ffld_nl                    4     192      0.00     0.00      0.0     0.0    0.0   0.0
            fg_nl                      4     192      0.00     0.00      0.0     0.0    0.0   0.0
            hypz_cmp                   4     192      0.01     0.07      0.0     0.0    0.0   4.4
            kBuffer                    4     192      0.00     0.02      0.0     0.0    0.0   1.1
            pfld_nl                    4     192      0.00     0.00      0.0     0.0    0.0   0.0
            pr_fld                     4       4      0.00     0.00      0.0     0.0    0.0   0.0
            pr_g                       4       4      0.00     0.00      0.0     0.0    0.0   0.0
            pr_hf                      4       4      0.00     0.00      0.0     0.0    0.0   0.0
            prdi_fld                   4     192      0.06     0.05      0.0     0.0    0.2   3.0
              ex_x                     4     192      0.00     0.01      0.0     0.0    0.0  24.0
                ex_gen                 4     192      0.00     0.01      0.0     0.0    0.0 100.0
            prdi_g                     4     192      7.74     0.03      5.4     0.0   22.4   1.9
              blex_g                   4     192      7.74     0.03      5.4     0.0  100.0 100.0
                ex_x                   4     192      0.00     0.01      0.0     0.0    0.0  15.6
                  ex_gen               4     192      0.00     0.01      0.0     0.0    0.0 100.0
            prdi_h                     4     192      0.08     0.04      0.1     0.0    0.2   2.4
              blex_g                   4     192      0.08     0.04      0.1     0.0  100.0  97.5
                ex_x                   4     192      0.00     0.02      0.0     0.0    0.0  41.0
                  ex_gen               4     192      0.00     0.01      0.0     0.0    0.0  93.8
            prg_nl                     4     192      0.00     0.00      0.0     0.0    0.0   0.0
          add_ks                       4       0      0.00     0.00      0.0     0.0    0.0   0.0
          calcaux                      4       4     35.30     0.84     24.7     0.3   45.6  31.6
            bar_emf                    4       4      0.21     0.05      0.1     0.0    0.6   6.3
              ex_z                     4       0      0.20     0.00      0.1     0.0   97.6   0.0
              exz                      0       8      0.00     0.01      0.0     0.0    0.0  22.6
                ex_gen                 0       8      0.00     0.01      0.0     0.0    0.0 100.0
            calc_df1                   4       4      0.05     0.19      0.0     0.1    0.1  22.5
              ex_v                     4       4      0.02     0.03      0.0     0.0   35.3  15.4
                ex_gen                 0       8      0.00     0.03      0.0     0.0    0.0 100.0
              ex_z                     4       0      0.03     0.00      0.0     0.0   60.8   0.0
              exz                      0       4      0.00     0.09      0.0     0.0    0.0  50.0
                ex_gen                 0       4      0.00     0.09      0.0     0.0    0.0  91.5
            ccdens                     4       4     34.30     0.23     24.0     0.1   97.2  27.8
              calc_moments             0       4      0.00     0.08      0.0     0.0    0.0  34.3
              sum_vwsp                 4       4     33.94     0.15     23.7     0.1   99.0  65.2
            f_to_GPU                   4       0      0.00     0.00      0.0     0.0    0.0   0.0
            fldsolve                   4       4      0.68     0.23      0.5     0.1    1.9  27.8
              fldgathi                 8       0      0.00     0.00      0.0     0.0    0.4   0.0
              fldgathw                 4       0      0.66     0.00      0.5     0.0   97.6   0.0
            h_from_f                   4       4      0.06     0.13      0.0     0.0    0.2  15.5
              exz                      0       8      0.00     0.00      0.0     0.0    0.0   1.5
                ex_gen                 0       8      0.00     0.00      0.0     0.0    0.0  50.0
          eRK_stage_1                  1       0      4.44     0.00      3.1     0.0    5.7   0.0
          eRK_stage_2                  1       0     43.58     0.00     30.5     0.0   56.3   0.0
          eRK_stage_3                  1       0     19.61     0.00     13.7     0.0   25.3   0.0
          eRK_stage_4                  1       0      9.81     0.00      6.9     0.0   12.7   0.0
          f_to_GPU                     4       0      0.00     0.00      0.0     0.0    0.0   0.0
          g_to_GPU                     8       0      0.00     0.00      0.0     0.0    0.0   0.0
          h_to_GPU                     4       0      0.06     0.00      0.0     0.0    0.1   0.0
          rhs_to_GPU                   4       0      0.00     0.00      0.0     0.0    0.0   0.0
          rkupd                        3       0      7.50     0.00      5.2     0.0    9.7   0.0
      ts2to5                           4       4     17.95    10.66     12.6     3.9   12.6   3.9
        RK_standard                    4       4     17.95    10.66     12.6     3.9  100.0 100.0
          CalFRhs0                    16      16      6.09     6.77      4.3     2.5   34.0  63.5
            add_nl                    16     768      5.81     3.89      4.1     1.4   95.3  57.5
              calc_nl                 16     768      0.33     3.76      0.2     1.4    5.6  96.6
                mult_pre               0     768      0.00     0.09      0.0     0.0    0.0   2.5
                omultmax               0    1536      0.00     0.05      0.0     0.0    0.0   1.4
            dApardt                   16     768      0.00     0.00      0.0     0.0    0.0   0.0
            dchidxy                   16     768      0.04     0.42      0.0     0.2    0.6   6.2
            dfdxy_h                   16     768      0.01     0.23      0.0     0.1    0.2   3.4
            dgdxy                     16     768      0.04     0.46      0.0     0.2    0.6   6.8
            dzv_ak                    16     768      0.03     0.89      0.0     0.3    0.5  13.2
            fdi_fld                   16     768      0.00     0.00      0.0     0.0    0.0   0.0
            fdi_g                     16     768      0.00     0.00      0.0     0.0    0.0   0.0
            fdi_h                     16     768      0.00     0.00      0.0     0.0    0.0   0.0
            ffld_nl                   16     768      0.00     0.00      0.0     0.0    0.0   0.0
            fg_nl                     16     768      0.00     0.00      0.0     0.0    0.0   0.0
            hypz_cmp                  16     768      0.01     0.30      0.0     0.1    0.2   4.4
            kBuffer                   16     768      0.01     0.07      0.0     0.0    0.2   1.1
            pfld_nl                   16     768      0.00     0.00      0.0     0.0    0.0   0.0
            pr_fld                    16      16      0.00     0.00      0.0     0.0    0.0   0.0
            pr_g                      16      16      0.00     0.00      0.0     0.0    0.0   0.0
            pr_hf                     16      16      0.00     0.00      0.0     0.0    0.0   0.0
            prdi_fld                  16     768      0.01     0.20      0.0     0.1    0.2   3.0
              ex_x                    16     768      0.00     0.05      0.0     0.0    0.0  24.9
                ex_gen                16     768      0.00     0.05      0.0     0.0    0.0  96.1
            prdi_g                    16     768      0.13     0.13      0.1     0.0    2.1   2.0
              blex_g                  16     768      0.13     0.13      0.1     0.0  100.0  99.2
                ex_x                  16     768      0.12     0.02      0.1     0.0   91.5  16.8
                  ex_gen              16     768      0.00     0.02      0.0     0.0    0.0  90.9
            prdi_h                    16     768      0.01     0.16      0.0     0.1    0.2   2.3
              blex_g                  16     768      0.01     0.16      0.0     0.1  100.0  99.4
                ex_x                  16     768      0.00     0.07      0.0     0.0    0.0  42.3
                  ex_gen              16     768      0.00     0.06      0.0     0.0    0.0  97.0
            prg_nl                    16     768      0.00     0.00      0.0     0.0    0.0   0.0
          add_ks                      16       0      0.01     0.00      0.0     0.0    0.1   0.0
          calcaux                     16      16     11.81     3.40      8.3     1.3   65.8  31.9
            bar_emf                   16      16      0.03     0.23      0.0     0.1    0.3   6.6
              ex_z                    16       0      0.03     0.00      0.0     0.0   76.5   0.0
              exz                      0      32      0.00     0.06      0.0     0.0    0.0  26.7
                ex_gen                 0      32      0.00     0.06      0.0     0.0    0.0 100.0
            calc_df1                  16      16      0.26     0.76      0.2     0.3    2.2  22.3
              ex_v                    16      16      0.19     0.12      0.1     0.0   71.9  16.1
                ex_gen                 0      32      0.00     0.12      0.0     0.0    0.0 100.0
              ex_z                    16       0      0.06     0.00      0.0     0.0   22.8   0.0
              exz                      0      16      0.00     0.38      0.0     0.1    0.0  49.8
                ex_gen                 0      16      0.00     0.34      0.0     0.1    0.0  91.2
            ccdens                    16      16     11.05     0.99      7.7     0.4   93.5  29.1
              calc_moments             0      16      0.00     0.32      0.0     0.1    0.0  31.8
              sum_vwsp                16      16     11.03     0.67      7.7     0.2   99.8  67.6
            f_to_GPU                  16       0      0.00     0.00      0.0     0.0    0.0   0.0
            fldsolve                  16      16      0.44     0.91      0.3     0.3    3.7  26.8
              fldgathi                32       0      0.00     0.00      0.0     0.0    0.9   0.0
              fldgathw                16       0      0.39     0.00      0.3     0.0   89.7   0.0
            h_from_f                  16      16      0.02     0.52      0.0     0.2    0.2  15.2
              exz                      0      32      0.00     0.01      0.0     0.0    0.0   1.4
                ex_gen                 0      32      0.00     0.01      0.0     0.0    0.0  85.7
          eRK_stage_1                  4       0      9.01     0.00      6.3     0.0   50.2   0.0
          eRK_stage_2                  4       0      1.00     0.00      0.7     0.0    5.5   0.0
          eRK_stage_3                  4       0      4.42     0.00      3.1     0.0   24.6   0.0
          eRK_stage_4                  4       0      3.52     0.00      2.5     0.0   19.6   0.0
          f_to_GPU                    16       0      0.00     0.00      0.0     0.0    0.0   0.0
          g_to_GPU                    32       0      0.00     0.00      0.0     0.0    0.0   0.0
          h_to_GPU                    16       0      0.00     0.00      0.0     0.0    0.0   0.0
          rhs_to_GPU                  16       0      0.00     0.00      0.0     0.0    0.0   0.0
          rkupd                       12       0      0.01     0.00      0.0     0.0    0.1   0.0
    timeloop                           1       1    142.92   270.85    100.0   100.0   16.8  15.7
Comparing:  cuth-pop-20200624-ht:128 master-202006pop-ht:128
== ts1   ==
           : 4-ht:128       p-ht:128
ts_avg     :    1.429    2.708 (0.5)
RK_standard:   77.449    2.646 (29.3)
CalFRhs0   :   34.590    1.686 (20.5)
calcaux    :   35.301    0.837 (42.2)

== ts2to5 ==
           : 4-ht:128       p-ht:128
ts_avg     :    1.429    2.708 (0.5)
RK_standard:   17.948   10.664 (1.7)
CalFRhs0   :    6.094    6.769 (0.9)
calcaux    :   11.808    3.400 (3.5)

== ts6+  ==
           : 4-ht:128       p-ht:128
ts_avg     :    1.429    2.708 (0.5)
RK_standard:   39.635  252.541 (0.2)
CalFRhs0   :   13.069  160.145 (0.1)
calcaux    :   25.507   80.621 (0.3)
